Date, Time, mean WD (deg), sd WD (deg), mean WS (m.s), sd WS (m.s), mean T (C), sd T (C), mean RH (perc), sd RH (perc), mean P (mmHg), sd P (mmHg), mean WC (C), sd WC (C)
2021-09-30_00-01-00 315.4919 66.8991 0.7070 0.2465 2.3617 0.0094 90.9578 0.3156 753.1810 0.1313 2.3617 0.0094 23
2021-09-30_00-02-00 324.3331 8.8419 0.8358 0.2982 2.3742 0.0079 90.6294 0.0605 753.1773 0.1566 2.2598 0.3976 12
2021-09-30_00-03-00 313.5502 17.7559 0.4582 0.2998 2.3758 0.0079 91.0335 0.1938 753.1756 0.1447 2.3758 0.0079 12
2021-09-30_00-04-00 334.1603 17.3924 0.2916 0.4026 2.3667 0.0089 91.5937 0.1331 753.1880 0.1057 2.3667 0.0089 12
2021-09-30_00-05-00 302.8998 95.9150 0.2110 0.3351 2.3467 0.0078 92.2529 0.1719 753.1117 0.1432 2.3467 0.0078 12
2021-09-30_00-06-00 286.7803 133.0548 0.8330 0.4091 2.3232 0.0081 92.0019 0.2315 753.1319 0.1469 2.1101 0.5023 12
2021-09-30_00-07-00 90.3547 141.2935 0.5054 0.4853 2.3163 0.0118 92.3553 0.2065 753.1139 0.1513 2.3163 0.0118 12
2021-09-30_00-08-00 64.7882 131.4828 0.8858 0.2056 2.2965 0.0082 92.2693 0.0899 753.0523 0.1468 2.2965 0.0082 12
2021-09-30_00-09-00 346.2924 12.1261 0.2555 0.3800 2.3050 0.0067 92.6877 0.1574 753.0778 0.1481 2.3050 0.0067 12
2021-09-30_00-10-00 288.3580 133.7508 0.4915 0.4595 2.2807 0.0109 92.6187 0.0587 753.1402 0.1744 2.2807 0.0109 12
2021-09-30_00-11-00 315.8934 97.4772 0.4193 0.3032 2.2713 0.0065 93.0037 0.1477 753.0937 0.1447 2.2713 0.0065 12
2021-09-30_00-12-00 134.4430 162.9020 0.1555 0.3062 2.2611 0.0092 92.8167 0.1282 753.1090 0.1810 2.2611 0.0092 12
2021-09-30_00-13-00 304.6553 9.1962 0.0111 0.0259 2.2460 0.0166 93.3583 0.1778 753.1230 0.1418 2.2460 0.0166 12
2021-09-30_00-14-00 301.0705 7.5936 0.0000 0.0000 2.2005 0.0148 93.4854 0.0530 753.1107 0.1481 2.2005 0.0148 12
2021-09-30_00-15-00 305.1472 9.1835 0.5220 0.5217 2.1638 0.0131 93.3503 0.3324 753.0671 0.1952 2.1638 0.0131 12
2021-09-30_00-16-00 250.9549 148.3473 0.2804 0.3487 2.1647 0.0167 91.7566 0.3542 753.0493 0.1094 2.1647 0.0167 12
2021-09-30_00-17-00 93.7650 151.9966 0.0000 0.0000 2.1955 0.0097 91.2578 0.0823 753.0483 0.1587 2.1955 0.0097 12
2021-09-30_00-18-00 206.3309 176.4064 0.0500 0.1167 2.2022 0.0079 91.8777 0.2854 753.0207 0.1112 2.2022 0.0079 12
2021-09-30_00-19-00 150.1617 179.2521 0.1694 0.2384 2.2138 0.0090 92.5707 0.1758 752.9967 0.1398 2.2138 0.0090 12
2021-09-30_00-20-00 322.1143 22.9638 0.2305 0.2633 2.2240 0.0111 93.1906 0.2014 753.0638 0.1420 2.2240 0.0111 12
2021-09-30_00-21-00 300.4973 2.6341 0.8691 0.1855 2.2030 0.0090 93.6642 0.1024 753.0151 0.1486 2.2030 0.0090 12
2021-09-30_00-22-00 298.1763 6.2143 0.4859 0.3573 2.1880 0.0074 93.6008 0.0510 752.9738 0.1360 2.1880 0.0074 12
2021-09-30_00-23-00 318.6085 14.9514 0.4248 0.1842 2.1788 0.0124 93.5169 0.0768 753.0272 0.1473 2.1788 0.0124 12
2021-09-30_00-24-00 312.8570 16.0120 0.7858 0.3263 2.1488 0.0051 92.8111 0.1696 753.0092 0.1172 2.1488 0.0051 12
2021-09-30_00-25-00 319.0564 14.4896 0.5276 0.5274 2.1538 0.0067 92.9985 0.1087 753.0167 0.1676 2.0499 0.3589 12
2021-09-30_00-26-00 301.8942 8.0897 0.6914 0.4125 2.1563 0.0083 93.8890 0.3488 753.0057 0.1360 2.1563 0.0083 12
2021-09-30_00-27-00 313.3917 11.4329 0.5248 0.1775 2.1300 0.0143 94.0727 0.1256 753.0469 0.1118 2.1300 0.0143 12
2021-09-30_00-28-00 289.0655 90.8450 0.3721 0.3983 2.1022 0.0062 93.4922 0.0888 753.0076 0.1360 2.1022 0.0062 12
2021-09-30_00-29-00 304.8370 9.3339 0.9191 0.2941 2.0942 0.0083 93.3528 0.0376 753.0061 0.1486 1.9851 0.3804 12
2021-09-30_00-30-00 299.3372 11.1091 0.9746 0.4423 2.0918 0.0076 93.5935 0.1298 753.0049 0.1360 1.7312 0.6576 12
2021-09-30_00-31-00 293.3348 10.2442 1.4577 0.3174 2.0975 0.0075 93.7092 0.0831 753.0202 0.1173 0.8992 0.7536 12
2021-09-30_00-32-00 302.6761 7.4954 0.9635 0.5244 2.1120 0.0071 93.4046 0.0699 753.0004 0.1261 1.5932 0.7807 12
2021-09-30_00-33-00 299.2057 8.1749 0.5720 0.4531 2.1222 0.0077 93.0482 0.1427 753.0223 0.1315 2.1222 0.0077 12
2021-09-30_00-34-00 302.1205 5.7813 1.2106 0.3232 2.1140 0.0095 92.7772 0.8379 753.0430 0.1725 1.5898 0.7797 12
2021-09-30_00-35-00 298.0592 6.3087 0.8441 0.3411 2.1372 0.0090 92.2485 0.5647 753.0101 0.1360 2.0243 0.3907 12
2021-09-30_00-36-00 296.0128 10.1804 1.6910 0.3028 2.1463 0.0039 93.4115 0.2361 753.0012 0.1398 0.6080 0.7498 12
2021-09-30_00-37-00 305.5220 13.6843 1.4550 0.2358 2.1405 0.0097 93.8148 0.0886 753.0475 0.1064 0.8990 0.6085 12
2021-09-30_00-38-00 302.0417 10.8733 1.7160 0.4460 2.1268 0.0058 93.2896 0.2129 753.0423 0.1286 0.6142 0.9393 12
2021-09-30_00-39-00 281.3723 89.3085 1.7798 0.4244 2.1285 0.0106 93.0603 0.0946 753.0292 0.1215 0.5801 0.9606 12
2021-09-30_00-40-00 309.2061 21.9240 1.2745 0.5549 2.1397 0.0072 92.8818 0.0657 753.1115 0.1215 1.5975 0.9989 12
2021-09-30_00-41-00 313.8769 16.4257 1.4605 0.6967 2.1355 0.0097 93.1954 0.1677 753.1034 0.1671 0.8891 1.0106 12
2021-09-30_00-42-00 294.6131 93.9497 0.7830 0.4683 2.1363 0.0083 93.9147 0.2208 753.1015 0.1486 1.9110 0.5278 12
2021-09-30_00-43-00 315.7782 13.1349 1.0773 0.5098 2.1126 0.0117 93.7181 0.2539 753.1432 0.1675 1.6793 0.7753 12
2021-09-30_00-44-00 306.0461 16.2940 1.5244 0.3631 2.1062 0.0057 94.2082 0.4419 753.1844 0.1403 0.8258 0.8123 12
2021-09-30_00-45-00 317.2897 15.6437 1.3495 0.5476 2.0924 0.0133 94.8168 0.1541 753.1409 0.1221 1.0633 0.9329 12
2021-09-30_00-46-00 315.4866 15.0045 1.2828 0.4496 2.0745 0.0062 94.4742 0.0930 753.1539 0.1252 1.3452 0.9153 12
2021-09-30_00-47-00 320.6887 13.5975 1.5966 0.4581 2.0660 0.0055 93.8387 0.2571 753.1454 0.1332 0.6772 0.8916 12
2021-09-30_00-48-00 304.9372 14.7142 1.8298 0.4792 2.0761 0.0122 93.2494 0.1454 753.1736 0.1529 0.4555 1.0163 12
2021-09-30_00-49-00 298.2161 10.2323 1.9437 0.4027 2.0998 0.0073 93.2113 0.1226 753.1478 0.1377 0.2842 0.8939 12
2021-09-30_00-50-00 308.6467 11.7030 1.9048 0.4636 2.1167 0.0094 93.7357 0.1463 753.2169 0.1296 0.2378 0.7368 12
2021-09-30_00-51-00 301.1766 7.5970 2.0631 0.1828 2.1240 0.0087 93.9015 0.0788 753.1835 0.1639 -0.0467 0.2061 12
2021-09-30_00-52-00 303.0387 10.6604 1.5383 0.3988 2.1220 0.0063 94.2559 0.1168 753.1851 0.1315 0.8082 0.8344 12
2021-09-30_00-53-00 303.4831 15.1397 1.5716 0.2809 2.1066 0.0130 94.4475 0.0325 753.1788 0.1404 0.8155 0.8054 12
2021-09-30_00-54-00 304.2623 4.2616 1.4272 0.3793 2.0910 0.0087 93.9904 0.1815 753.2066 0.1287 1.0121 0.8253 12
2021-09-30_00-55-00 302.9929 8.7629 1.3217 0.2818 2.0836 0.0096 93.3472 0.1511 753.2005 0.1156 1.4103 0.8383 12
2021-09-30_00-56-00 307.1638 7.8542 1.2912 0.2202 2.0878 0.0051 92.6147 0.2799 753.1671 0.1355 1.4042 0.7173 12
2021-09-30_00-57-00 307.7443 6.4962 1.1384 0.2615 2.0803 0.0078 91.6991 0.2592 753.2048 0.1584 1.7319 0.6380 12
2021-09-30_00-58-00 307.5997 13.0689 1.0052 0.2805 2.0762 0.0090 91.1195 0.2073 753.2043 0.1333 1.9712 0.3666 12
2021-09-30_00-59-00 301.0989 8.2091 1.0801 0.3513 2.0837 0.0065 90.5175 0.1535 753.1922 0.1398 1.9660 0.4065 12
2021-09-30_01-00-00 309.1861 12.2576 0.6192 0.3085 2.1006 0.0075 90.2923 0.0749 753.2128 0.1118 2.1006 0.0075 12
2021-09-30_01-01-00 309.7191 17.3918 0.9913 0.2339 2.1006 0.0075 89.7588 0.2603 753.2136 0.1221 2.1006 0.0075 12
2021-09-30_01-02-00 307.2555 15.8264 0.5831 0.4299 2.1134 0.0115 89.3687 0.0672 753.2210 0.1341 2.1134 0.0115 12
2021-09-30_01-03-00 302.4735 93.7163 0.1666 0.2834 2.1160 0.0110 89.6120 0.1307 753.2349 0.1461 2.1160 0.0110 12
2021-09-30_01-04-00 306.8368 16.5225 0.9468 0.3856 2.0934 0.0085 89.0657 0.4134 753.2288 0.1118 1.8468 0.5837 12
2021-09-30_01-05-00 300.4295 11.6150 1.2634 0.2804 2.0927 0.0076 89.1071 0.3367 753.2282 0.1314 1.4617 0.7821 12
2021-09-30_01-06-00 305.2383 11.3892 1.0079 0.1815 2.0926 0.0096 89.8668 0.0942 753.2455 0.1560 1.9879 0.3612 12
2021-09-30_01-07-00 311.7635 10.5008 0.9552 0.1849 2.0762 0.0100 89.9068 0.2340 753.2528 0.1486 2.0762 0.0100 12
2021-09-30_01-08-00 310.7184 6.9440 0.7913 0.2715 2.0624 0.0104 89.7823 0.3484 753.2333 0.1332 2.0624 0.0104 12
2021-09-30_01-09-00 305.2968 11.4333 1.1662 0.3628 2.0556 0.0113 90.9936 0.2846 753.2408 0.0784 1.7430 0.7376 12
2021-09-30_01-10-00 290.6258 10.4036 1.6244 0.3722 2.0410 0.0100 91.7672 0.2516 753.2276 0.1006 0.6656 0.8834 12
2021-09-30_01-11-00 297.7054 14.4519 1.5605 0.5566 2.0512 0.0094 92.6168 0.1269 753.2893 0.1139 0.8587 1.1002 12
2021-09-30_01-12-00 298.5452 8.4527 1.4994 0.2673 2.0512 0.0094 92.7331 0.1508 753.2874 0.1137 0.8508 0.7622 12
2021-09-30_01-13-00 296.3362 8.5407 1.6632 0.4596 2.0572 0.0084 92.7973 0.1418 753.3017 0.1360 0.7107 1.0293 12
2021-09-30_01-14-00 294.3829 4.8788 0.9357 0.2396 2.0435 0.0075 91.9330 0.2875 753.3007 0.1061 1.9383 0.3638 12
2021-09-30_01-15-00 294.6717 4.7791 1.4355 0.3635 2.0485 0.0062 93.1617 0.2651 753.3065 0.1332 1.0504 0.9108 12
2021-09-30_01-16-00 303.1967 13.7134 1.3272 0.1873 2.0318 0.0079 93.2807 0.0749 753.3255 0.1486 1.6253 0.7363 12
2021-09-30_01-17-00 295.8919 7.7464 1.6077 0.7083 2.0202 0.0079 92.6362 0.4748 753.3184 0.1310 0.6565 1.1051 12
2021-09-30_01-18-00 294.3013 7.0620 1.4078 0.3110 2.0160 0.0074 92.0932 0.1287 753.3417 0.1119 0.8495 0.7237 12
2021-09-30_01-19-00 299.6603 10.6495 1.2439 0.3879 2.0285 0.0114 92.3175 0.0850 753.3763 0.1342 1.2648 0.8203 12
2021-09-30_01-20-00 284.9373 91.5967 1.0551 0.6823 2.0327 0.0156 92.6279 0.0442 753.4387 0.1734 1.4067 0.9312 12
2021-09-30_01-21-00 302.1060 12.6851 1.0357 0.4070 2.0035 0.0114 92.7332 0.0497 753.4331 0.1214 1.5899 0.7519 12
2021-09-30_01-22-00 276.1328 39.7117 0.8302 0.7283 1.9835 0.0075 92.7544 0.0753 753.4609 0.1384 1.5131 0.8526 12
2021-09-30_01-23-00 240.0590 122.0047 0.3332 0.4295 1.9581 0.0119 93.2191 0.2996 753.4622 0.1296 1.9581 0.0119 12
2021-09-30_01-24-00 300.2898 12.0001 0.9524 0.4771 1.9333 0.0110 94.2689 0.2633 753.4551 0.1411 1.4536 0.7106 12
2021-09-30_01-25-00 297.7337 7.7596 1.3356 0.2882 1.9115 0.0085 94.8463 0.1443 753.4416 0.1419 1.0197 0.7992 12
2021-09-30_01-26-00 295.1450 15.0825 1.7965 0.2332 1.9170 0.0089 95.5076 0.2336 753.4208 0.1444 0.1380 0.6034 12
2021-09-30_01-27-00 284.8392 14.3038 0.8413 0.5242 1.9040 0.0103 95.9357 0.0467 753.4197 0.1360 1.6290 0.6471 12
2021-09-30_01-28-00 291.2255 13.2710 0.9996 0.7363 1.8733 0.0154 96.1109 0.0481 753.4488 0.1118 1.2405 0.9550 12
2021-09-30_01-29-00 290.9429 21.5194 0.4776 0.3590 1.8432 0.0144 96.1272 0.0352 753.4430 0.1579 1.8432 0.0144 12
2021-09-30_01-30-00 276.4533 96.4234 0.0555 0.1233 1.8054 0.0157 96.1900 0.0522 753.4306 0.1467 1.8054 0.0157 12
2021-09-30_01-31-00 295.5988 22.6535 0.4276 0.5544 1.7500 0.0160 95.8063 0.1676 753.3969 0.1593 1.6004 0.5272 12
2021-09-30_01-32-00 289.1100 4.6942 1.7576 0.2994 1.7240 0.0047 95.4847 0.0656 753.4135 0.1317 -0.0503 0.6257 12
2021-09-30_01-33-00 298.0418 8.8738 1.3745 0.3597 1.7648 0.0138 96.2803 0.3493 753.4264 0.1164 0.9248 0.9201 12
2021-09-30_01-34-00 284.0082 7.5983 1.0135 0.5502 1.7839 0.0032 97.0875 0.1579 753.3918 0.1346 1.2344 0.8233 12
2021-09-30_01-35-00 268.1487 85.2285 0.4887 0.5646 1.7805 0.0045 97.1102 0.0918 753.3843 0.1376 1.6431 0.4751 12
2021-09-30_01-36-00 291.3413 7.1767 1.6299 0.2917 1.7714 0.0096 97.0640 0.0313 753.3907 0.1300 0.2810 0.7582 12
2021-09-30_01-37-00 284.9565 15.1330 0.6775 0.6463 1.7590 0.0076 96.6881 0.0962 753.3535 0.1346 1.3872 0.6733 12
2021-09-30_01-38-00 287.2477 22.1413 0.4248 0.4103 1.7426 0.0133 96.4377 0.1406 753.3610 0.1191 1.7426 0.0133 12
2021-09-30_01-39-00 309.0515 14.6432 1.1023 0.7186 1.7243 0.0089 96.5447 0.2037 753.3833 0.1269 0.8229 0.9462 12
2021-09-30_01-40-00 308.3422 12.2066 0.0777 0.1365 1.7079 0.0124 96.3824 0.0640 753.3958 0.1046 1.7079 0.0124 12
2021-09-30_01-41-00 314.4993 9.0090 0.2638 0.3032 1.6837 0.0058 96.5458 0.1248 753.4015 0.1706 1.6837 0.0058 12
2021-09-30_01-42-00 299.1609 12.7763 0.4109 0.5024 1.6787 0.0049 96.8639 0.0814 753.3934 0.1550 1.6787 0.0049 12
2021-09-30_01-43-00 288.8158 35.2376 0.8635 0.5782 1.6587 0.0123 97.0324 0.0809 753.4200 0.1565 1.2626 0.7245 12
2021-09-30_01-44-00 306.0103 20.3486 1.0357 0.3604 1.6320 0.0085 96.3844 0.2049 753.4095 0.1269 1.2514 0.6892 12
2021-09-30_01-45-00 297.9492 7.0149 1.2495 0.2626 1.6210 0.0055 96.1364 0.1314 753.3750 0.1470 0.9822 0.7965 12
2021-09-30_01-46-00 296.3414 5.0929 0.9191 0.3649 1.6069 0.0081 95.5354 0.1157 753.3940 0.1389 1.4837 0.4288 12
2021-09-30_01-47-00 298.5154 16.5342 1.0746 0.2465 1.5994 0.0055 95.1326 0.1804 753.3618 0.0973 1.5994 0.0055 12
2021-09-30_01-48-00 300.1829 4.7957 0.8608 0.2747 1.5953 0.0076 94.9313 0.1522 753.3697 0.0945 1.5953 0.0076 12
2021-09-30_01-49-00 292.1584 11.7516 0.3665 0.3422 1.6037 0.0100 95.4893 0.0957 753.3648 0.1236 1.6037 0.0100 12
2021-09-30_01-50-00 295.9273 4.2160 0.2582 0.2300 1.5800 0.0099 95.6603 0.1456 753.3856 0.1316 1.5800 0.0099 12
2021-09-30_01-51-00 289.3086 2.8949 0.0056 0.0192 1.5728 0.0090 96.0958 0.1052 753.3263 0.1215 1.5728 0.0090 12
2021-09-30_01-52-00 281.4028 2.9789 0.0000 0.0000 1.5462 0.0164 96.2329 0.0316 753.3727 0.1124 1.5462 0.0164 12
2021-09-30_01-53-00 278.5625 2.3604 0.0000 0.0000 1.5100 0.0113 96.5618 0.1218 753.3910 0.1287 1.5100 0.0113 12
2021-09-30_01-54-00 277.7237 0.0195 0.0000 0.0000 1.4681 0.0151 96.8267 0.0403 753.4059 0.1356 1.4681 0.0151 12
2021-09-30_01-55-00 277.7206 0.0149 0.0000 0.0000 1.4115 0.0241 96.7298 0.0282 753.3727 0.1221 1.4115 0.0241 12
2021-09-30_01-56-00 260.7367 79.1726 0.0000 0.0000 1.3593 0.0173 96.8675 0.0357 753.4283 0.1402 1.3593 0.0173 12
2021-09-30_01-57-00 38.8333 5.1363 0.0000 0.0000 1.3116 0.0130 96.5763 0.1895 753.4550 0.1117 1.3116 0.0130 12
2021-09-30_01-58-00 57.9764 5.9624 0.0000 0.0000 1.2912 0.0081 96.1696 0.0388 753.4390 0.1345 1.2912 0.0081 12
2021-09-30_01-59-00 62.9010 0.0691 0.0000 0.0000 1.2806 0.0069 96.1038 0.0246 753.4397 0.1204 1.2806 0.0069 12
2021-09-30_02-00-00 92.8637 16.3740 0.0000 0.0000 1.2841 0.0094 96.2113 0.1252 753.4611 0.1384 1.2841 0.0094 12
2021-09-30_02-01-00 103.2850 1.3192 0.0000 0.0000 1.2938 0.0105 96.6916 0.0868 753.4418 0.1204 1.2938 0.0105 12
2021-09-30_02-02-00 105.7654 0.1109 0.0000 0.0000 1.3173 0.0098 97.4592 0.3039 753.4626 0.1586 1.3173 0.0098 12
2021-09-30_02-03-00 107.6120 0.5139 0.0000 0.0000 1.3272 0.0108 98.0829 0.0915 753.4638 0.1340 1.3272 0.0108 12
2021-09-30_02-04-00 107.8182 0.0002 0.0000 0.0000 1.3089 0.0100 98.2979 0.0414 753.4640 0.1340 1.3089 0.0100 12
2021-09-30_02-05-00 108.1626 0.6530 0.0000 0.0000 1.2725 0.0177 98.4183 0.0370 753.4512 0.1287 1.2725 0.0177 12
2021-09-30_02-06-00 141.7601 16.8358 0.0000 0.0000 1.2285 0.0094 98.4834 0.0208 753.4381 0.1112 1.2285 0.0094 12
2021-09-30_02-07-00 162.8924 1.6651 0.0000 0.0000 1.1988 0.0067 98.5793 0.0339 753.4587 0.1269 1.1988 0.0067 12
2021-09-30_02-08-00 164.2768 0.0094 0.0000 0.0000 1.1760 0.0121 98.5303 0.0470 753.4659 0.1247 1.1760 0.0121 12
2021-09-30_02-09-00 164.2729 0.0000 0.0000 0.0000 1.1473 0.0095 98.4177 0.0262 753.4458 0.1432 1.1473 0.0095 12
2021-09-30_02-10-00 164.2732 0.0000 0.0000 0.0000 1.1538 0.0082 98.4884 0.0516 753.4531 0.1239 1.1538 0.0082 12
2021-09-30_02-11-00 164.2733 0.0001 0.0000 0.0000 1.1341 0.0132 98.4724 0.0401 753.4802 0.1502 1.1341 0.0132 12
2021-09-30_02-12-00 164.3315 0.0651 0.0000 0.0000 1.1160 0.0000 98.5860 0.0897 753.4670 0.1295 1.1160 0.0000 12
2021-09-30_02-13-00 164.7177 0.5934 0.0000 0.0000 1.1383 0.0120 98.9168 0.1089 753.4942 0.1440 1.1382 0.0120 12
2021-09-30_02-14-00 166.7459 0.2279 0.0000 0.0000 1.1669 0.0136 99.3028 0.1228 753.5079 0.1566 1.1669 0.0136 12
2021-09-30_02-15-00 170.4985 2.5953 0.0000 0.0000 1.2368 0.0194 99.6992 0.1097 753.4810 0.1287 1.2368 0.0194 12
2021-09-30_02-16-00 167.5022 6.6081 0.0000 0.0000 1.2595 0.0157 99.9313 0.0510 753.4878 0.1389 1.2595 0.0157 12
2021-09-30_02-17-00 151.7586 1.9264 0.0000 0.0000 1.3257 0.0251 99.9980 0.0000 753.4745 0.1360 1.3257 0.0251 12
2021-09-30_02-18-00 159.2555 5.4698 0.0000 0.0000 1.3997 0.0170 99.9980 0.0000 753.4881 0.1552 1.3997 0.0170 12
2021-09-30_02-19-00 182.4901 6.7071 0.0333 0.0778 1.3999 0.0087 99.9980 0.0000 753.5017 0.1676 1.3999 0.0087 12
2021-09-30_02-20-00 186.3246 1.0541 0.0000 0.0000 1.3756 0.0114 99.9980 0.0000 753.5086 0.1604 1.3756 0.0114 12
2021-09-30_02-21-00 178.2077 2.4442 0.0000 0.0000 1.3388 0.0108 99.9980 0.0000 753.4951 0.1481 1.3388 0.0108 12
2021-09-30_02-22-00 173.4612 2.2012 0.0000 0.0000 1.3255 0.0087 99.9980 0.0000 753.4884 0.1389 1.3255 0.0087 12
2021-09-30_02-23-00 167.9347 1.7279 0.0000 0.0000 1.3255 0.0075 99.9980 0.0000 753.4546 0.1419 1.3255 0.0075 12
2021-09-30_02-24-00 166.3565 0.2954 0.0000 0.0000 1.3230 0.0067 99.9980 0.0000 753.4479 0.1513 1.3230 0.0067 12
2021-09-30_02-25-00 166.0794 0.0155 0.0000 0.0000 1.3124 0.0078 99.9980 0.0000 753.4597 0.1564 1.3124 0.0078 12
2021-09-30_02-26-00 166.2618 0.7639 0.0000 0.0000 1.3141 0.0065 99.9980 0.0000 753.4437 0.1345 1.3141 0.0065 12
2021-09-30_02-27-00 164.5780 1.4685 0.0000 0.0000 1.3215 0.0128 99.9980 0.0000 753.4308 0.1360 1.3215 0.0128 12
2021-09-30_02-28-00 162.2460 0.0190 0.0000 0.0000 1.3532 0.0127 99.9980 0.0000 753.4581 0.1711 1.3532 0.0127 12
2021-09-30_02-29-00 161.9884 0.6260 0.0000 0.0000 1.3589 0.0032 99.9980 0.0000 753.3913 0.1221 1.3589 0.0032 12
2021-09-30_02-30-00 160.6583 0.0191 0.0000 0.0000 1.3660 0.0091 99.9980 0.0000 753.4185 0.1119 1.3660 0.0091 12
2021-09-30_02-31-00 160.6966 0.0915 0.0000 0.0000 1.3722 0.0067 99.9980 0.0000 753.4121 0.1165 1.3723 0.0067 12
2021-09-30_02-32-00 161.9561 1.8279 0.0000 0.0000 1.3860 0.0103 99.9980 0.0000 753.4216 0.1489 1.3860 0.0103 12
2021-09-30_02-33-00 168.9901 0.8108 0.0000 0.0000 1.4083 0.0083 99.9980 0.0000 753.3973 0.1664 1.4083 0.0083 12
2021-09-30_02-34-00 169.6392 0.0109 0.0000 0.0000 1.4142 0.0067 99.9980 0.0000 753.4327 0.1263 1.4142 0.0067 12
2021-09-30_02-35-00 167.7394 1.1399 0.0000 0.0000 1.4233 0.0078 99.9980 0.0000 753.4602 0.1384 1.4233 0.0078 12
2021-09-30_02-36-00 167.8345 0.2317 0.0000 0.0000 1.4173 0.0173 99.9980 0.0000 753.4551 0.1269 1.4172 0.0173 12
2021-09-30_02-37-00 167.8827 0.0160 0.0000 0.0000 1.3502 0.0277 99.9980 0.0000 753.4691 0.1564 1.3503 0.0277 12
2021-09-30_02-38-00 240.7881 79.8755 0.0000 0.0000 1.2574 0.0365 99.9980 0.0000 753.4767 0.1541 1.2574 0.0365 12
2021-09-30_02-39-00 293.8276 0.3046 0.0000 0.0000 1.0925 0.0508 99.9980 0.0000 753.5044 0.1449 1.0925 0.0508 12
2021-09-30_02-40-00 293.9622 0.3280 0.0000 0.0000 0.9542 0.0309 99.9980 0.0000 753.4778 0.1616 0.9542 0.0309 12
2021-09-30_02-41-00 294.4111 0.0069 0.0000 0.0000 0.8597 0.0278 99.9980 0.0000 753.4650 0.1339 0.8597 0.0278 12
2021-09-30_02-42-00 294.4125 0.0027 0.0000 0.0000 0.7755 0.0200 99.9980 0.0000 753.4848 0.1382 0.7755 0.0200 12
2021-09-30_02-43-00 290.4538 2.9926 0.0000 0.0000 0.7268 0.0128 99.9621 0.0418 753.4708 0.1332 0.7267 0.0128 12
2021-09-30_02-44-00 281.4660 7.4705 0.1527 0.2539 0.7688 0.0311 99.8449 0.0353 753.4715 0.1578 0.7688 0.0311 12
2021-09-30_02-45-00 262.4602 6.3162 0.0694 0.1660 0.8859 0.0333 99.6856 0.1333 753.4866 0.1398 0.8859 0.0333 12
2021-09-30_02-46-00 269.5899 3.0611 0.0111 0.0385 0.9987 0.0368 99.1299 0.1335 753.4878 0.1354 0.9987 0.0368 12
2021-09-30_02-47-00 262.4801 3.2682 0.0000 0.0000 1.0743 0.0072 98.6128 0.2091 753.4816 0.1590 1.0743 0.0072 12
2021-09-30_02-48-00 262.8595 6.3069 0.0167 0.0482 1.0910 0.0131 97.8203 0.2658 753.4965 0.1487 1.0910 0.0131 12
2021-09-30_02-49-00 284.0317 5.8948 0.0000 0.0000 1.1213 0.0104 96.9060 0.2174 753.5171 0.1398 1.1212 0.0104 12
2021-09-30_02-50-00 265.1270 18.3103 0.0694 0.1266 1.1307 0.0072 96.3982 0.2125 753.5518 0.1119 1.1307 0.0072 12
2021-09-30_02-51-00 276.9506 8.5028 0.2832 0.2903 1.1674 0.0400 95.1959 0.4376 753.4981 0.1315 1.1674 0.0400 12
2021-09-30_02-52-00 305.6560 9.9340 0.0528 0.1096 1.2683 0.0147 95.3173 0.2596 753.5054 0.1405 1.2683 0.0147 12
2021-09-30_02-53-00 317.1817 6.6461 0.0361 0.0731 1.2652 0.0152 95.7498 0.0430 753.4992 0.1315 1.2652 0.0152 12
2021-09-30_02-54-00 300.0803 13.1448 0.0000 0.0000 1.2413 0.0089 95.7802 0.0163 753.4994 0.1403 1.2413 0.0089 12
2021-09-30_02-55-00 285.4610 8.1388 0.2804 0.3671 1.2243 0.0070 95.7300 0.0333 753.5092 0.1315 1.2243 0.0070 12
2021-09-30_02-56-00 281.2807 19.8719 0.4859 0.3941 1.2338 0.0051 95.6113 0.1671 753.5096 0.1403 1.2338 0.0051 12
2021-09-30_02-57-00 296.9572 11.6161 0.3526 0.2746 1.2522 0.0079 94.5323 0.2434 753.5511 0.1403 1.2522 0.0079 12
2021-09-30_02-58-00 300.0801 10.0638 0.5720 0.1796 1.2636 0.0086 94.0831 0.0955 753.5043 0.1448 1.2636 0.0086 12
2021-09-30_02-59-00 283.1311 12.9152 0.0444 0.0782 1.2886 0.0105 93.7318 0.0642 753.5590 0.1287 1.2886 0.0105 12
2021-09-30_03-00-00 279.4255 7.5006 0.0000 0.0000 1.2861 0.0138 93.9675 0.1356 753.5528 0.1404 1.2861 0.0138 12
2021-09-30_03-01-00 280.6179 4.7849 0.0000 0.0000 1.2563 0.0103 94.2250 0.0184 753.5192 0.1481 1.2563 0.0103 12
2021-09-30_03-02-00 268.0873 8.3038 0.0028 0.0096 1.2497 0.0083 94.1868 0.0457 753.5199 0.1598 1.2497 0.0083 12
2021-09-30_03-03-00 248.7855 16.6120 0.0000 0.0000 1.2766 0.0099 94.2463 0.0510 753.5404 0.1404 1.2766 0.0099 12
2021-09-30_03-04-00 246.5636 8.0467 0.0000 0.0000 1.2902 0.0091 94.1609 0.0302 753.5813 0.1171 1.2903 0.0091 12
2021-09-30_03-05-00 240.4452 5.5764 0.0000 0.0000 1.3052 0.0068 94.1137 0.0171 753.5613 0.1332 1.3052 0.0068 12
2021-09-30_03-06-00 241.4155 0.0069 0.0000 0.0000 1.3065 0.0094 94.0809 0.0286 753.5412 0.1315 1.3065 0.0094 12
2021-09-30_03-07-00 241.7638 0.0260 0.0000 0.0000 1.2708 0.0104 93.9950 0.0364 753.5212 0.1310 1.2708 0.0104 12
2021-09-30_03-08-00 241.7519 0.0069 0.0000 0.0000 1.2438 0.0079 94.1392 0.0999 753.5077 0.1488 1.2438 0.0079 12
2021-09-30_03-09-00 246.3206 3.5941 0.0000 0.0000 1.2497 0.0103 93.8488 0.2672 753.5012 0.1445 1.2497 0.0103 12
2021-09-30_03-10-00 249.1450 0.0069 0.0000 0.0000 1.2781 0.0053 93.4446 0.0468 753.5216 0.1482 1.2781 0.0053 12
2021-09-30_03-11-00 249.1492 0.0069 0.0000 0.0000 1.2772 0.0043 93.2223 0.0499 753.5082 0.1271 1.2772 0.0043 12
2021-09-30_03-12-00 249.1453 0.0070 0.0000 0.0000 1.2685 0.0075 93.1424 0.0777 753.5151 0.1676 1.2685 0.0075 12
2021-09-30_03-13-00 249.1494 0.0069 0.0000 0.0000 1.2420 0.0165 92.6181 0.1279 753.5016 0.1360 1.2420 0.0165 12
2021-09-30_03-14-00 249.1475 0.0000 0.0000 0.0000 1.1872 0.0213 92.5004 0.0411 753.5220 0.1310 1.1872 0.0213 12
2021-09-30_03-15-00 249.1535 0.0109 0.0000 0.0000 1.1004 0.0321 91.8643 0.4542 753.4950 0.1263 1.1004 0.0321 12
2021-09-30_03-16-00 254.8142 6.6446 0.0000 0.0000 1.0262 0.0124 90.6152 0.1513 753.5019 0.1446 1.0262 0.0124 12
2021-09-30_03-17-00 301.6075 11.6533 0.0000 0.0000 0.9990 0.0067 90.3451 0.0965 753.5357 0.1579 0.9990 0.0067 12
2021-09-30_03-18-00 310.4985 0.0000 0.0000 0.0000 1.0032 0.0100 90.2619 0.0862 753.5493 0.1094 1.0032 0.0100 12
2021-09-30_03-19-00 310.4666 0.1109 0.0000 0.0000 0.9813 0.0121 90.1818 0.0459 753.5358 0.1239 0.9813 0.0121 12
2021-09-30_03-20-00 297.9212 5.2574 0.0000 0.0000 0.9911 0.0162 90.4033 0.1320 753.5629 0.1139 0.9911 0.0162 12
2021-09-30_03-21-00 286.0879 7.9467 0.0000 0.0000 1.0375 0.0079 90.6844 0.0948 753.5156 0.1315 1.0375 0.0079 12
2021-09-30_03-22-00 282.6696 17.9635 0.0000 0.0000 1.0109 0.0163 91.1017 0.1130 753.5156 0.1360 1.0109 0.0163 12
2021-09-30_03-23-00 242.6891 6.4977 0.0000 0.0000 0.9952 0.0152 91.5035 0.1540 753.5359 0.1617 0.9952 0.0152 12
2021-09-30_03-24-00 198.4202 17.2542 0.0000 0.0000 1.0279 0.0094 93.5272 1.2459 753.5292 0.1346 1.0279 0.0094 12
2021-09-30_03-25-00 198.6182 7.3214 0.0000 0.0000 1.0041 0.0111 95.3385 0.1228 753.5157 0.1360 1.0041 0.0111 12
2021-09-30_03-26-00 178.3880 10.0253 0.0000 0.0000 1.0065 0.0087 94.8945 0.0546 753.4752 0.1603 1.0065 0.0087 12
2021-09-30_03-27-00 191.2494 6.5350 0.0028 0.0096 1.0262 0.0107 95.1523 0.1680 753.4616 0.1360 1.0262 0.0107 12
2021-09-30_03-28-00 202.8347 7.6246 0.0000 0.0000 1.0428 0.0091 95.4552 0.1480 753.4820 0.1377 1.0427 0.0091 12
2021-09-30_03-29-00 194.0538 0.6209 0.0000 0.0000 1.0304 0.0104 95.4060 0.2035 753.4144 0.1440 1.0304 0.0104 12
2021-09-30_03-30-00 193.7118 0.0402 0.0000 0.0000 0.9899 0.0210 95.7522 0.1960 753.3805 0.1269 0.9899 0.0210 12
2021-09-30_03-31-00 191.5575 4.9718 0.0000 0.0000 0.9240 0.0171 95.1265 0.0705 753.3873 0.1198 0.9240 0.0171 12
2021-09-30_03-32-00 172.6434 1.5116 0.0000 0.0000 0.8620 0.0201 94.4902 0.3619 753.3806 0.1221 0.8620 0.0201 12
2021-09-30_03-33-00 179.2241 2.1118 0.5970 0.4094 0.8107 0.0185 93.3321 0.2881 753.3941 0.1486 0.8107 0.0185 12
2021-09-30_03-34-00 190.8795 8.6839 0.4054 0.2935 0.7904 0.0086 93.0617 0.2686 753.3671 0.1205 0.7904 0.0086 12
2021-09-30_03-35-00 194.2998 0.3414 0.0000 0.0000 0.8234 0.0085 93.5022 0.2972 753.3873 0.1427 0.8234 0.0085 12
2021-09-30_03-36-00 191.8436 1.3255 0.0000 0.0000 0.8250 0.0124 92.8610 0.1229 753.3738 0.1333 0.8250 0.0124 12
2021-09-30_03-37-00 191.0615 0.0000 0.0000 0.0000 0.8250 0.0082 92.5198 0.0217 753.3941 0.1171 0.8250 0.0082 12
2021-09-30_03-38-00 191.0655 0.0139 0.0000 0.0000 0.8364 0.0134 93.5193 0.6820 753.3874 0.1148 0.8364 0.0134 12
2021-09-30_03-39-00 191.2875 0.0260 0.0000 0.0000 0.8730 0.0127 95.1007 0.2504 753.4144 0.1263 0.8730 0.0127 12
2021-09-30_03-40-00 188.7843 1.9150 0.0000 0.0000 0.8803 0.0102 95.3028 0.1517 753.3699 0.1080 0.8803 0.0102 12
2021-09-30_03-41-00 187.0900 1.1366 0.0000 0.0000 0.8562 0.0075 94.7857 0.0843 753.4238 0.1405 0.8562 0.0075 12
2021-09-30_03-42-00 190.6749 0.0205 0.0000 0.0000 0.8664 0.0103 94.7346 0.0659 753.4448 0.1432 0.8664 0.0103 12
2021-09-30_03-43-00 190.7991 0.0172 0.0000 0.0000 0.8957 0.0058 94.9692 0.0309 753.4045 0.1473 0.8957 0.0058 12
2021-09-30_03-44-00 191.2855 0.6953 0.0000 0.0000 0.8981 0.0126 94.6171 0.3503 753.4049 0.1432 0.8981 0.0126 12
2021-09-30_03-45-00 189.8196 2.3814 0.0000 0.0000 0.8508 0.0132 93.8127 0.0632 753.4053 0.1389 0.8507 0.0132 12
2021-09-30_03-46-00 178.3485 10.3436 0.0000 0.0000 0.8143 0.0145 93.5145 0.0710 753.4055 0.0856 0.8143 0.0145 12
2021-09-30_03-47-00 159.8829 3.6283 0.0000 0.0000 0.7670 0.0145 93.3507 0.1397 753.3519 0.1315 0.7670 0.0145 12
2021-09-30_03-48-00 154.3397 1.0414 0.0000 0.0000 0.7403 0.0083 92.8543 0.0973 753.3577 0.1398 0.7403 0.0083 12
2021-09-30_03-49-00 153.5419 1.5876 0.0000 0.0000 0.7687 0.0144 92.6197 0.0898 753.3885 0.1315 0.7687 0.0144 12
2021-09-30_03-50-00 153.9703 6.4436 0.0000 0.0000 0.8092 0.0145 92.2197 0.0948 753.3553 0.1262 0.8092 0.0145 12
2021-09-30_03-51-00 161.6533 1.6139 0.0000 0.0000 0.8219 0.0076 91.9089 0.0805 753.3626 0.1205 0.8219 0.0076 12
2021-09-30_03-52-00 162.2998 3.0077 0.0000 0.0000 0.8138 0.0051 91.7629 0.0110 753.3768 0.1269 0.8138 0.0051 12
2021-09-30_03-53-00 165.0422 0.4240 0.0000 0.0000 0.8008 0.0099 91.7663 0.0152 753.3838 0.1547 0.8008 0.0099 12
2021-09-30_03-54-00 167.7310 1.3309 0.0000 0.0000 0.7795 0.0106 91.8129 0.0206 753.3575 0.1215 0.7795 0.0106 12
2021-09-30_03-55-00 169.2792 0.0217 0.0000 0.0000 0.7386 0.0163 91.9646 0.0792 753.3577 0.1263 0.7386 0.0163 12
2021-09-30_03-56-00 169.4575 0.0886 0.0000 0.0000 0.7023 0.0095 92.1741 0.0408 753.3918 0.1446 0.7023 0.0095 12
2021-09-30_03-57-00 169.5957 0.0372 0.0000 0.0000 0.6560 0.0217 92.3449 0.0417 753.3921 0.1221 0.6560 0.0217 12
2021-09-30_03-58-00 169.6339 0.0187 0.0000 0.0000 0.6117 0.0105 92.5111 0.0427 753.3720 0.1461 0.6118 0.0105 12
2021-09-30_03-59-00 169.7461 0.1532 0.0000 0.0000 0.5800 0.0095 92.6323 0.0319 753.4332 0.1445 0.5800 0.0095 12
2021-09-30_04-00-00 171.1283 0.4539 0.0000 0.0000 0.5625 0.0106 92.7145 0.0200 753.4333 0.1316 0.5625 0.0106 12
2021-09-30_04-01-00 171.8265 0.0650 0.0000 0.0000 0.5500 0.0043 92.8969 0.0794 753.4065 0.1389 0.5500 0.0043 12
2021-09-30_04-02-00 171.9546 0.0001 0.0000 0.0000 0.5508 0.0067 93.1461 0.1151 753.4066 0.1154 0.5508 0.0067 12
2021-09-30_04-03-00 175.4851 10.0262 0.0000 0.0000 0.5750 0.0157 93.8148 0.2627 753.4676 0.1798 0.5750 0.0157 12
2021-09-30_04-04-00 164.1759 4.6300 0.0361 0.0822 0.6187 0.0194 94.2253 0.2108 753.4475 0.1205 0.6187 0.0194 12
2021-09-30_04-05-00 159.1134 1.6894 0.0167 0.0389 0.7090 0.0243 94.6930 0.0903 753.4543 0.1419 0.7090 0.0243 12
2021-09-30_04-06-00 159.8311 3.0985 0.0028 0.0096 0.7772 0.0257 94.8474 0.1517 753.4302 0.1222 0.7772 0.0257 12
2021-09-30_04-07-00 159.0830 1.6162 0.0056 0.0130 0.8510 0.0162 95.0938 0.1554 753.4773 0.1653 0.8510 0.0162 12
2021-09-30_04-08-00 156.8413 6.1227 0.6581 0.3061 0.8981 0.0194 94.3681 0.1426 753.4443 0.1345 0.8981 0.0194 12
2021-09-30_04-09-00 152.8100 3.6367 0.1999 0.2669 0.9323 0.0058 94.3390 0.0971 753.4699 0.1363 0.9323 0.0058 12
2021-09-30_04-10-00 154.6689 4.0575 0.5081 0.3206 0.9273 0.0098 94.4419 0.0484 753.4882 0.1398 0.9273 0.0098 12
2021-09-30_04-11-00 158.4578 5.1107 0.6248 0.1875 0.9107 0.0115 94.3956 0.0955 753.4689 0.1447 0.9107 0.0115 12
2021-09-30_04-12-00 156.1039 6.6045 0.0250 0.0588 0.8879 0.0104 94.0858 0.0893 753.4762 0.1617 0.8879 0.0104 12
2021-09-30_04-13-00 159.3249 3.1616 0.3554 0.2345 0.8479 0.0110 93.5428 0.2734 753.4841 0.1346 0.8479 0.0110 12
2021-09-30_04-14-00 168.7240 5.0221 0.2055 0.2355 0.8330 0.0097 93.2605 0.0350 753.5249 0.1552 0.8330 0.0097 12
2021-09-30_04-15-00 173.1409 0.4967 0.2610 0.2901 0.7941 0.0116 92.9336 0.1559 753.4783 0.1419 0.7941 0.0116 12
2021-09-30_04-16-00 172.7931 1.1780 0.2332 0.2064 0.7670 0.0145 92.5866 0.1226 753.4989 0.1526 0.7670 0.0145 12
2021-09-30_04-17-00 172.8094 1.3605 0.1444 0.2041 0.7420 0.0085 92.3284 0.0805 753.5196 0.1481 0.7420 0.0085 12
2021-09-30_04-18-00 174.2779 1.1106 0.5637 0.2248 0.7310 0.0119 92.2975 0.0239 753.4998 0.1361 0.7310 0.0119 12
2021-09-30_04-19-00 170.9136 1.6385 0.9635 0.1218 0.7040 0.0110 92.0648 0.0736 753.4999 0.1565 0.7040 0.0110 12
2021-09-30_04-20-00 171.5860 0.8117 1.0885 0.0715 0.6948 0.0101 91.9159 0.0714 753.5545 0.1221 0.6948 0.0101 12
2021-09-30_04-21-00 174.6864 2.0953 0.9357 0.1274 0.6880 0.0087 91.7500 0.0222 753.5276 0.1591 0.6880 0.0087 12
2021-09-30_04-22-00 176.4388 0.1180 0.8774 0.1166 0.6606 0.0108 91.6888 0.0247 753.5076 0.1317 0.6606 0.0108 12
2021-09-30_04-23-00 175.3008 0.7662 0.9052 0.0862 0.6427 0.0103 91.6512 0.0360 753.5280 0.1551 0.6427 0.0103 12
2021-09-30_04-24-00 173.2567 1.5388 0.8719 0.1937 0.6376 0.0090 91.5726 0.0269 753.5282 0.1253 0.6376 0.0090 12
2021-09-30_04-25-00 171.8426 0.7666 1.3856 0.0658 0.6435 0.0075 91.6379 0.1027 753.5351 0.1240 -0.2604 0.8018 12
2021-09-30_04-26-00 174.9610 1.3130 1.2578 0.0753 0.6532 0.0118 91.5352 0.1288 753.5149 0.1403 0.5326 0.4188 12
2021-09-30_04-27-00 172.2669 1.7489 1.0579 0.0405 0.6622 0.0089 91.2202 0.0714 753.5353 0.1239 0.6622 0.0089 12
2021-09-30_04-28-00 165.9882 1.9519 1.3245 0.0889 0.6876 0.0172 90.9631 0.1235 753.5286 0.1432 0.1797 0.7492 12
2021-09-30_04-29-00 165.2482 1.1407 1.4800 0.0989 0.7486 0.0212 90.8471 0.2000 753.5220 0.1398 -0.7660 0.4968 12
2021-09-30_04-30-00 162.6900 2.1085 1.5105 0.1701 0.8027 0.0109 90.5389 0.3062 753.5153 0.1526 -0.7649 0.5235 12
2021-09-30_04-31-00 159.4776 1.1472 1.7604 0.0826 0.8243 0.0115 89.7357 0.2076 753.5356 0.1287 -1.1879 0.1152 12
2021-09-30_04-32-00 160.6694 1.4696 1.4800 0.0809 0.8751 0.0211 89.2035 0.0589 753.5318 0.1335 -0.7233 0.1241 12
2021-09-30_04-33-00 154.9327 1.2964 1.6271 0.1391 0.9123 0.0039 89.1639 0.0329 753.4978 0.1360 -0.8967 0.1982 12
2021-09-30_04-34-00 156.9554 1.8940 1.5411 0.1917 0.9182 0.0067 89.0395 0.0465 753.5460 0.1508 -0.5594 0.7199 12
2021-09-30_04-35-00 160.8479 2.4216 1.4550 0.1140 0.9298 0.0079 88.8521 0.0623 753.5327 0.1616 -0.3983 0.6385 12
2021-09-30_04-36-00 164.6646 1.4230 1.3522 0.0744 0.9323 0.0103 88.7821 0.0235 753.5737 0.1398 0.3044 0.7756 12
2021-09-30_04-37-00 162.5686 2.4779 1.4800 0.0822 0.9457 0.0094 88.6778 0.0702 753.6012 0.1521 -0.5301 0.4762 12
2021-09-30_04-38-00 161.8647 2.8981 1.1856 0.1306 0.9498 0.0079 88.4668 0.0097 753.6284 0.1384 0.9498 0.0079 12
2021-09-30_04-39-00 161.3049 1.9243 1.1023 0.1149 0.9714 0.0069 88.4234 0.0338 753.6492 0.1253 0.9714 0.0069 12
2021-09-30_04-40-00 158.1653 2.5533 0.6775 0.3847 0.9798 0.0076 88.2967 0.0273 753.6606 0.1126 0.9798 0.0076 12
2021-09-30_04-41-00 161.8678 6.6957 0.9219 0.1479 0.9670 0.0110 88.3510 0.0166 753.6478 0.1521 0.9670 0.0110 12
2021-09-30_04-42-00 164.9587 8.9815 0.4304 0.3499 0.9423 0.0094 88.4484 0.0627 753.6487 0.1397 0.9423 0.0094 12
2021-09-30_04-43-00 166.8235 4.7359 1.1801 0.3178 0.9348 0.0051 88.4429 0.0698 753.6295 0.1269 0.3902 0.8094 12
2021-09-30_04-44-00 177.8992 2.5640 0.7108 0.3765 0.9423 0.0094 88.6215 0.0442 753.6577 0.1170 0.9423 0.0094 12
2021-09-30_04-45-00 183.5080 5.5538 0.7330 0.3833 0.9248 0.0100 88.7878 0.0693 753.6717 0.1360 0.9248 0.0100 12
2021-09-30_04-46-00 172.3659 9.0622 0.9441 0.1217 0.9307 0.0089 88.8833 0.0431 753.6662 0.1447 0.9307 0.0089 12
2021-09-30_04-47-00 165.6114 7.2896 1.2051 0.6772 0.9232 0.0079 88.8190 0.0321 753.6395 0.1332 -0.1093 1.0950 12
2021-09-30_04-48-00 158.4733 10.0419 1.1579 0.4031 0.9358 0.0205 88.7329 0.0312 753.6807 0.1165 0.3752 0.8456 12
2021-09-30_04-49-00 164.4621 5.8391 1.8382 0.1841 0.9744 0.0142 88.5462 0.0576 753.7015 0.1222 -1.1099 0.2461 12
2021-09-30_04-50-00 164.0123 4.5700 1.3439 0.2323 1.0082 0.0100 88.3537 0.0973 753.6613 0.1119 0.1790 0.8779 12
2021-09-30_04-51-00 157.7600 4.4779 1.2884 0.2396 1.0393 0.0083 88.2837 0.0498 753.6348 0.1315 0.3676 0.8393 12
2021-09-30_04-52-00 158.2377 4.5457 1.4855 0.3832 1.0168 0.0159 88.6718 0.1440 753.6545 0.1348 -0.1152 1.0462 12
2021-09-30_04-53-00 151.3647 4.5613 1.0579 1.0793 0.9944 0.0124 88.5129 0.1146 753.6607 0.1173 -0.0558 1.3179 12
2021-09-30_04-54-00 151.3211 4.2429 0.6914 0.8614 1.0183 0.0069 88.3668 0.1140 753.6479 0.1164 0.3402 0.9978 12
2021-09-30_04-55-00 154.9242 4.1419 1.6271 0.2415 1.0314 0.0069 88.3136 0.1453 753.6764 0.1310 -0.4252 0.8966 12
2021-09-30_04-56-00 153.7367 2.1423 1.5688 0.1684 1.0516 0.0104 88.0671 0.0339 753.6843 0.1299 -0.5514 0.5403 12
2021-09-30_04-57-00 153.9652 1.6047 1.8854 0.1105 1.0626 0.0125 88.0378 0.0112 753.6848 0.1389 -1.0739 0.1411 12
2021-09-30_04-58-00 160.4235 4.2223 1.6827 0.1396 1.1093 0.0098 88.0127 0.0149 753.6715 0.1475 -0.7490 0.2036 12
2021-09-30_04-59-00 158.6474 2.0203 1.4911 0.0944 1.1289 0.0080 88.0543 0.0349 753.6849 0.1138 -0.4504 0.1438 12
2021-09-30_05-00-00 156.7167 2.1020 1.4272 0.2186 1.1281 0.0088 88.2370 0.0601 753.7075 0.1221 0.0092 0.8430 12
2021-09-30_05-01-00 158.5234 5.0982 1.5022 0.1935 1.1352 0.0043 88.3965 0.0610 753.6746 0.1484 -0.1513 0.7922 12
2021-09-30_05-02-00 166.0568 4.5597 1.2190 0.4075 1.1237 0.0117 88.6968 0.1525 753.6894 0.1376 0.3890 0.9318 12
2021-09-30_05-03-00 163.4274 4.2343 1.3356 0.2934 1.1135 0.0087 89.0323 0.0297 753.7312 0.1633 0.1502 0.8522 12
2021-09-30_05-04-00 176.2068 8.5327 1.1579 0.5448 1.1324 0.0084 89.1110 0.0644 753.6912 0.1190 0.3674 0.9623 12
2021-09-30_05-05-00 181.9743 9.6379 0.7441 0.1832 1.1298 0.0083 89.2853 0.0882 753.7467 0.1317 1.1298 0.0083 12
2021-09-30_05-06-00 179.5703 6.3565 0.1249 0.2141 1.1060 0.0135 89.5958 0.1217 753.7808 0.1405 1.1060 0.0135 12
2021-09-30_05-07-00 177.5268 3.3550 0.0056 0.0130 1.0827 0.0078 90.1403 0.1803 753.8223 0.1360 1.0827 0.0078 12
2021-09-30_05-08-00 193.4766 6.1432 0.1694 0.2032 1.0785 0.0087 90.3045 0.0444 753.7687 0.1389 1.0785 0.0087 12
2021-09-30_05-09-00 197.7494 3.2495 0.0000 0.0000 1.0743 0.0039 90.5550 0.1041 753.8097 0.1253 1.0743 0.0039 12
2021-09-30_05-10-00 186.3641 11.0676 0.0028 0.0096 1.0810 0.0080 90.6228 0.0279 753.8106 0.1560 1.0810 0.0080 12
2021-09-30_05-11-00 178.5720 2.4440 0.0000 0.0000 1.0902 0.0108 90.8159 0.0557 753.8019 0.1253 1.0902 0.0108 12
2021-09-30_05-12-00 183.2320 2.1061 0.2971 0.2618 1.0943 0.0039 91.1307 0.1672 753.8041 0.1432 1.0943 0.0039 12
2021-09-30_05-13-00 186.7386 3.8685 0.6692 0.2189 1.1085 0.0106 91.6254 0.1634 753.8250 0.1271 1.1085 0.0106 12
2021-09-30_05-14-00 208.9015 5.1758 0.8274 0.2650 1.1397 0.0182 91.7451 0.0869 753.8263 0.1173 1.1397 0.0182 12
2021-09-30_05-15-00 206.4559 3.8814 0.0028 0.0096 1.2033 0.0149 90.6979 0.4634 753.8111 0.1354 1.2033 0.0149 12
2021-09-30_05-16-00 204.8909 8.7574 0.0000 0.0000 1.2562 0.0110 89.8966 0.0498 753.8302 0.1565 1.2562 0.0110 12
2021-09-30_05-17-00 198.3497 0.7636 0.0000 0.0000 1.2851 0.0132 90.3917 0.3845 753.8319 0.1445 1.2851 0.0132 12
2021-09-30_05-18-00 199.2442 0.7941 0.0000 0.0000 1.2797 0.0066 91.0362 0.1193 753.8121 0.1264 1.2797 0.0066 12
2021-09-30_05-19-00 173.2691 14.1980 0.0000 0.0000 1.2652 0.0083 91.4156 0.0941 753.8474 0.1552 1.2652 0.0083 12
2021-09-30_05-20-00 159.1921 4.0982 0.0972 0.2076 1.2455 0.0087 91.3981 0.0357 753.8141 0.1522 1.2455 0.0087 12
2021-09-30_05-21-00 157.8745 2.1305 0.7053 0.3295 1.2180 0.0105 91.4602 0.0744 753.8217 0.1403 1.2180 0.0105 12
2021-09-30_05-22-00 161.4033 3.5901 0.0750 0.1407 1.2207 0.0082 91.6020 0.0269 753.7953 0.1447 1.2207 0.0082 12
2021-09-30_05-23-00 166.4240 5.4675 0.7275 0.4641 1.2119 0.0095 91.5806 0.0185 753.7957 0.1360 1.2119 0.0095 12
2021-09-30_05-24-00 155.3794 4.0396 0.0000 0.0000 1.2198 0.0067 91.5583 0.0631 753.8505 0.1389 1.2198 0.0067 12
2021-09-30_05-25-00 161.2441 5.9182 0.0777 0.1208 1.2242 0.0083 91.4621 0.0357 753.8237 0.1404 1.2242 0.0083 12
2021-09-30_05-26-00 162.1806 6.3728 0.3027 0.2965 1.2138 0.0112 91.3079 0.0498 753.8242 0.1676 1.2138 0.0112 12
2021-09-30_05-27-00 167.9213 5.2786 0.0305 0.0870 1.1978 0.0043 91.1867 0.0277 753.8312 0.1405 1.1978 0.0043 12
2021-09-30_05-28-00 167.1514 9.9203 0.0000 0.0000 1.1927 0.0109 91.2590 0.0181 753.8451 0.1440 1.1928 0.0109 12
2021-09-30_05-29-00 177.2607 4.0204 0.0000 0.0000 1.1718 0.0116 91.2248 0.0152 753.8589 0.1420 1.1718 0.0116 12
2021-09-30_05-30-00 180.4491 0.4942 0.0000 0.0000 1.1521 0.0075 91.3082 0.0473 753.8590 0.1239 1.1521 0.0075 12
2021-09-30_05-31-00 181.9015 0.0403 0.0000 0.0000 1.1262 0.0078 91.4861 0.0865 753.8661 0.1221 1.1262 0.0078 12
2021-09-30_05-32-00 182.2096 0.6590 0.0000 0.0000 1.1002 0.0151 91.6216 0.0266 753.9067 0.1269 1.1002 0.0151 12
2021-09-30_05-33-00 184.3600 0.4920 0.0000 0.0000 1.0677 0.0083 91.6008 0.0287 753.8461 0.1215 1.0677 0.0083 12
2021-09-30_05-34-00 204.3042 10.6980 0.0000 0.0000 1.0668 0.0100 91.7529 0.1106 753.8935 0.1205 1.0668 0.0100 12
2021-09-30_05-35-00 217.4817 6.9702 0.0000 0.0000 1.0927 0.0098 91.8690 0.1184 753.9410 0.1287 1.0927 0.0098 12
2021-09-30_05-36-00 247.9852 12.7595 0.0000 0.0000 1.1171 0.0160 91.2093 0.2260 753.9478 0.1006 1.1171 0.0160 12
2021-09-30_05-37-00 285.1053 17.8718 0.0028 0.0096 1.1596 0.0158 90.6473 0.0693 753.9479 0.1221 1.1596 0.0158 12
2021-09-30_05-38-00 305.1917 14.4195 0.0916 0.1880 1.1921 0.0120 90.6084 0.0646 753.9954 0.1066 1.1921 0.0120 12
2021-09-30_05-39-00 291.4042 10.0641 0.0250 0.0621 1.1945 0.0114 90.6463 0.0233 753.9887 0.1119 1.1945 0.0114 12
2021-09-30_05-40-00 297.4750 1.5038 0.0000 0.0000 1.1610 0.0080 90.7377 0.0547 753.9752 0.1253 1.1610 0.0080 12
2021-09-30_05-41-00 295.8329 7.8225 0.0000 0.0000 1.1412 0.0051 90.8158 0.0585 753.9820 0.1355 1.1412 0.0051 12
2021-09-30_05-42-00 292.3405 3.3508 0.0000 0.0000 1.1378 0.0053 90.6008 0.0907 753.9956 0.1488 1.1377 0.0053 12
2021-09-30_05-43-00 283.1595 3.1604 0.0000 0.0000 1.1522 0.0062 90.3273 0.0783 753.9956 0.1317 1.1522 0.0062 12
2021-09-30_05-44-00 279.6392 0.2278 0.0000 0.0000 1.1547 0.0129 90.5968 0.1032 754.0024 0.1315 1.1547 0.0129 12
2021-09-30_05-45-00 305.2901 21.9041 0.0000 0.0000 1.1427 0.0076 90.9720 0.1334 754.0160 0.1346 1.1427 0.0076 12
2021-09-30_05-46-00 325.5824 21.1577 0.0000 0.0000 1.1490 0.0082 91.2297 0.0453 754.0160 0.1346 1.1490 0.0082 12
2021-09-30_05-47-00 0.4140 0.3225 0.0000 0.0000 1.1127 0.0132 91.2927 0.0691 754.0093 0.1215 1.1127 0.0132 12
2021-09-30_05-48-00 235.4124 173.7712 0.0000 0.0000 1.0843 0.0111 91.5335 0.0683 754.0161 0.1101 1.0843 0.0111 12
2021-09-30_05-49-00 352.7695 0.1506 0.0000 0.0000 1.0446 0.0152 91.7433 0.0481 754.0837 0.0879 1.0446 0.0152 12
2021-09-30_05-50-00 324.7144 25.2188 0.0000 0.0000 0.9943 0.0143 91.9195 0.0551 754.0499 0.1190 0.9943 0.0143 12
2021-09-30_05-51-00 303.9861 0.0894 0.0000 0.0000 0.9450 0.0218 92.1501 0.0759 754.0296 0.1064 0.9450 0.0218 12
2021-09-30_05-52-00 303.9221 0.0000 0.0000 0.0000 0.8903 0.0188 92.4500 0.0991 754.0567 0.0856 0.8903 0.0188 12
2021-09-30_05-53-00 283.4458 17.2325 0.0000 0.0000 0.8299 0.0156 92.6957 0.0956 754.0905 0.1215 0.8299 0.0156 12
2021-09-30_05-54-00 260.9393 0.6856 0.0000 0.0000 0.8104 0.0078 92.9647 0.0363 754.0635 0.0799 0.8104 0.0078 12
2021-09-30_05-55-00 260.3813 0.0102 0.0000 0.0000 0.7821 0.0122 93.0120 0.0302 754.0500 0.0760 0.7821 0.0122 12
2021-09-30_05-56-00 243.9454 3.5022 0.0000 0.0000 0.7670 0.0100 93.0937 0.0260 754.0364 0.1147 0.7670 0.0100 12
2021-09-30_05-57-00 245.7496 0.2995 0.0000 0.0000 0.7595 0.0114 93.0772 0.0118 754.0432 0.1171 0.7595 0.0114 12
2021-09-30_05-58-00 272.6146 17.0407 0.0000 0.0000 0.7268 0.0103 93.0748 0.0318 754.0364 0.1247 0.7268 0.0103 12
2021-09-30_05-59-00 270.9424 88.9699 0.1971 0.2857 0.7088 0.0084 93.2290 0.1089 754.0702 0.0730 0.7088 0.0084 12
2021-09-30_06-00-00 296.2873 14.7954 0.1555 0.2916 0.7293 0.0117 93.8697 0.1779 754.0161 0.1253 0.7293 0.0117 12
2021-09-30_06-01-00 297.3614 24.4902 0.5720 0.4224 0.7746 0.0198 94.6788 0.2486 754.0500 0.1139 0.7746 0.0198 12
2021-09-30_06-02-00 290.2646 27.6035 0.0389 0.0951 0.8026 0.0100 95.0217 0.0533 754.0500 0.1085 0.8026 0.0100 12
2021-09-30_06-03-00 294.3331 26.2924 0.0944 0.1441 0.8079 0.0069 95.4067 0.1269 754.0702 0.1064 0.8079 0.0069 12
2021-09-30_06-04-00 229.6458 73.7089 0.0444 0.1057 0.8079 0.0069 95.6073 0.0267 754.0432 0.0945 0.8079 0.0069 12
2021-09-30_06-05-00 242.0032 110.1007 0.0305 0.0521 0.8035 0.0104 95.9378 0.1691 754.0094 0.1112 0.8035 0.0104 12
2021-09-30_06-06-00 246.4857 108.9195 0.0500 0.1329 0.8306 0.0054 96.1117 0.0312 754.0364 0.0915 0.8306 0.0054 12
2021-09-30_06-07-00 278.1073 92.3166 0.0000 0.0000 0.8378 0.0079 95.9933 0.0320 754.0364 0.1340 0.8378 0.0079 12
2021-09-30_06-08-00 260.4513 112.1579 0.3693 0.4282 0.8532 0.0058 96.1345 0.0822 754.0500 0.1139 0.8532 0.0058 12
2021-09-30_06-09-00 265.7283 85.9741 0.0111 0.0385 0.8578 0.0075 96.3144 0.0512 754.0194 0.1086 0.8577 0.0075 12
2021-09-30_06-10-00 283.3132 85.8307 0.0444 0.1335 0.8593 0.0094 96.4511 0.0350 754.0390 0.1007 0.8592 0.0094 12
2021-09-30_06-11-00 294.4532 14.7823 0.0472 0.0870 0.8523 0.0090 96.6181 0.0558 754.0533 0.0783 0.8522 0.0090 12
2021-09-30_06-12-00 321.7562 22.5576 0.1138 0.2138 0.8620 0.0095 96.7170 0.0263 754.0198 0.1028 0.8620 0.0095 12
2021-09-30_06-13-00 295.0760 13.4501 0.1000 0.1675 0.8748 0.0043 96.6811 0.0214 754.0473 0.0968 0.8748 0.0043 12
2021-09-30_06-14-00 296.2445 21.8858 0.5387 0.5187 0.8998 0.0131 96.6056 0.0426 754.0544 0.0856 0.7775 0.4194 12
2021-09-30_06-15-00 295.0567 4.9199 1.5272 0.2364 0.9707 0.0314 96.3015 0.1781 754.0479 0.0904 -0.3897 0.8299 12
2021-09-30_06-16-00 297.7274 6.9722 1.5411 0.1544 1.0648 0.0264 95.7283 0.1184 754.0212 0.1333 -0.4826 0.5321 12
2021-09-30_06-17-00 302.8441 8.1799 1.3633 0.1839 1.1308 0.0104 95.5518 0.0278 754.0483 0.1028 0.3366 0.8397 12
2021-09-30_06-18-00 300.5282 5.6697 1.4328 0.2415 1.1569 0.0050 95.2874 0.1532 754.0351 0.1094 -0.1888 0.6558 12
2021-09-30_06-19-00 303.2966 7.6298 1.0773 0.3085 1.1735 0.0129 94.9817 0.0264 754.0555 0.1204 0.9057 0.6384 12
2021-09-30_06-20-00 292.0616 20.1817 0.9080 0.3999 1.1860 0.0085 94.8947 0.0381 754.0286 0.0879 1.1860 0.0085 12
2021-09-30_06-21-00 292.5878 19.7609 0.5553 0.3609 1.1927 0.0065 94.7193 0.0845 754.0761 0.1223 1.1927 0.0065 12
2021-09-30_06-22-00 227.2888 98.3655 0.1527 0.3049 1.1902 0.0079 94.2767 0.1360 754.1032 0.1287 1.1902 0.0079 12
2021-09-30_06-23-00 275.7503 23.5030 0.0833 0.1806 1.1777 0.0103 93.9029 0.1655 754.0966 0.1513 1.1777 0.0103 12
2021-09-30_06-24-00 81.2349 133.0580 0.0000 0.0000 1.1530 0.0074 93.4805 0.0701 754.1508 0.1315 1.1530 0.0074 12
2021-09-30_06-25-00 270.3378 32.4014 0.0000 0.0000 1.1403 0.0063 93.3770 0.0271 754.1373 0.1389 1.1402 0.0063 12
2021-09-30_06-26-00 293.7665 0.0574 0.0000 0.0000 1.1466 0.0091 93.2362 0.0402 754.1239 0.1486 1.1466 0.0091 12
2021-09-30_06-27-00 271.5021 19.9108 0.0000 0.0000 1.1727 0.0107 93.2413 0.0259 754.1375 0.1552 1.1727 0.0107 12
2021-09-30_06-28-00 258.0186 3.8613 0.0000 0.0000 1.2127 0.0280 92.9332 0.1846 754.1781 0.1389 1.2128 0.0280 12
2021-09-30_06-29-00 243.9151 0.0000 0.0000 0.0000 1.3317 0.0399 92.1033 0.2407 754.1578 0.1271 1.3317 0.0399 12
2021-09-30_06-30-00 239.3627 8.4409 0.0139 0.0481 1.4691 0.0399 91.2982 0.6440 754.1444 0.1263 1.4691 0.0399 12
2021-09-30_06-31-00 230.6257 7.2514 0.0722 0.1779 1.5737 0.0325 89.2807 0.2947 754.1849 0.1332 1.5737 0.0325 12
2021-09-30_06-32-00 250.2520 27.9619 0.0000 0.0000 1.7007 0.0409 89.0602 0.0708 754.1647 0.1487 1.7007 0.0409 12
2021-09-30_06-33-00 343.4304 3.9359 0.0000 0.0000 1.8214 0.0258 88.0745 0.3887 754.1580 0.1405 1.8214 0.0258 12
2021-09-30_06-34-00 306.6243 97.4133 0.0000 0.0000 1.9086 0.0224 87.6887 0.1720 754.1647 0.1360 1.9086 0.0224 12
2021-09-30_06-35-00 248.3158 131.0055 0.0500 0.1114 1.9390 0.0122 87.5140 0.3111 754.1715 0.1310 1.9390 0.0122 12
2021-09-30_06-36-00 299.0235 89.7020 0.4665 0.5057 1.9383 0.0106 86.7952 0.1029 754.1513 0.1315 1.8028 0.4671 12
2021-09-30_06-37-00 322.1221 10.2142 0.8386 0.4245 1.9464 0.0054 86.5422 0.0705 754.1243 0.1360 1.8314 0.3990 12
2021-09-30_06-38-00 321.9961 17.5062 0.7719 0.5187 1.9631 0.0134 86.0027 0.1806 754.1851 0.1420 1.6976 0.6351 12
2021-09-30_06-39-00 312.6591 30.0562 0.2582 0.2514 2.0185 0.0238 86.0276 0.1022 754.1784 0.1513 2.0185 0.0238 12
2021-09-30_06-40-00 250.5221 142.1440 0.3332 0.2557 2.0563 0.0090 85.4493 0.0514 754.1581 0.1405 2.0563 0.0090 12
2021-09-30_06-41-00 290.1326 90.5704 0.8691 0.5927 2.0060 0.0245 85.5519 0.0436 754.1919 0.1445 1.4798 0.8030 12
2021-09-30_06-42-00 327.1708 16.6567 1.1856 0.4052 1.9244 0.0240 85.8187 0.1958 754.1919 0.1269 1.4998 0.7940 12
2021-09-30_06-43-00 220.2568 158.2676 0.8274 0.5577 1.8440 0.0222 86.4330 0.2097 754.2055 0.1486 1.4632 0.6841 12
2021-09-30_06-44-00 257.5089 141.4953 0.7081 0.3123 1.7652 0.0231 86.9557 0.1454 754.1581 0.1271 1.7652 0.0231 12
2021-09-30_06-45-00 96.6489 136.6274 0.4054 0.4601 1.6862 0.0247 87.5839 0.2073 754.1919 0.1526 1.6862 0.0247 12
2021-09-30_06-46-00 325.0825 23.8246 0.2916 0.3158 1.6107 0.0196 88.0522 0.0905 754.2190 0.1513 1.6107 0.0196 12
2021-09-30_06-47-00 250.5502 145.5821 0.0333 0.1154 1.5487 0.0149 88.3683 0.2046 754.2258 0.1440 1.5487 0.0149 12
2021-09-30_06-48-00 287.9824 91.9171 0.0056 0.0192 1.5092 0.0108 89.0349 0.2303 754.2799 0.1384 1.5092 0.0108 12
2021-09-30_06-49-00 283.2058 90.9122 0.0777 0.1986 1.4742 0.0100 89.6000 0.1794 754.3137 0.1316 1.4742 0.0100 12
2021-09-30_06-50-00 317.5377 16.1730 0.7108 0.2937 1.4279 0.0182 89.9091 0.1423 754.3001 0.1205 1.4279 0.0182 12
2021-09-30_06-51-00 307.8306 19.8694 0.7053 0.3685 1.4042 0.0090 89.2465 0.1354 754.2663 0.1502 1.2873 0.4062 12
2021-09-30_06-52-00 314.3173 19.1287 1.0718 0.4197 1.3861 0.0094 88.6627 0.2307 754.2528 0.1521 0.8691 0.7738 12
2021-09-30_06-53-00 227.5856 128.2948 0.2249 0.3145 1.3782 0.0053 88.6586 0.1181 754.2663 0.1617 1.3782 0.0053 12
2021-09-30_06-54-00 277.5012 84.4294 1.0107 0.6037 1.3677 0.0105 88.8590 0.0820 754.2866 0.1269 0.6171 0.7922 12
2021-09-30_06-55-00 299.7357 7.8567 1.4050 0.3356 1.3472 0.0090 88.8913 0.1116 754.2934 0.1287 0.3409 0.9159 12
2021-09-30_06-56-00 307.5646 14.0703 0.6914 0.4084 1.3322 0.0090 89.1597 0.0635 754.3069 0.1215 1.3322 0.0090 12
2021-09-30_06-57-00 297.7495 93.3845 0.4748 0.4222 1.3082 0.0095 89.2524 0.0482 754.3069 0.1310 1.3082 0.0095 12
2021-09-30_06-58-00 302.5080 14.7445 0.8413 0.7373 1.2791 0.0113 89.6120 0.0902 754.2934 0.1377 0.6297 0.9706 12
2021-09-30_06-59-00 296.6613 9.6917 1.3411 0.2151 1.2621 0.0065 89.7032 0.1709 754.3001 0.1253 0.3444 0.8155 12
2021-09-30_07-00-00 294.7731 6.5196 1.2939 0.2394 1.2447 0.0078 89.8651 0.1196 754.3001 0.1389 0.3561 0.7894 12
2021-09-30_07-01-00 299.8537 6.3359 0.8885 0.2947 1.2397 0.0058 89.8427 0.1250 754.3069 0.1263 1.2397 0.0058 12
2021-09-30_07-02-00 302.3220 8.0458 0.7025 0.3426 1.2215 0.0071 89.5375 0.1287 754.2731 0.1360 1.2215 0.0071 12
2021-09-30_07-03-00 298.5896 30.2142 0.2527 0.2924 1.2128 0.0095 89.4828 0.0484 754.2731 0.1446 1.2128 0.0095 12
2021-09-30_07-04-00 305.0003 14.7847 1.1940 0.6170 1.1978 0.0043 89.1568 0.2322 754.3001 0.1552 0.2034 0.8973 12
2021-09-30_07-05-00 309.0967 8.7869 1.2995 0.3826 1.2040 0.0091 88.9818 0.0716 754.2663 0.1190 0.4448 0.9530 12
2021-09-30_07-06-00 296.4513 8.1058 1.4078 0.4940 1.2144 0.0065 88.9435 0.0957 754.2798 0.1508 0.1899 1.0902 12
2021-09-30_07-07-00 310.4529 22.1641 0.6608 0.5380 1.2032 0.0103 89.0533 0.0925 754.2934 0.1333 0.9354 0.6358 12
2021-09-30_07-08-00 267.7641 121.9155 0.7275 0.6039 1.1860 0.0095 89.2146 0.0874 754.2934 0.1333 0.8888 0.6999 12
2021-09-30_07-09-00 303.0601 9.1572 1.4217 0.2212 1.1768 0.0051 89.5891 0.0912 754.2731 0.1404 0.0819 0.8302 12
2021-09-30_07-10-00 306.8025 9.6320 0.7664 0.3070 1.1760 0.0043 89.8328 0.0705 754.2934 0.1239 1.1760 0.0043 12
2021-09-30_07-11-00 310.1229 11.8171 0.8635 0.5044 1.1743 0.0058 90.0794 0.0842 754.3001 0.1513 0.7496 0.7781 12
2021-09-30_07-12-00 309.4508 19.5227 0.3332 0.3503 1.1635 0.0087 90.2787 0.0685 754.2663 0.1420 1.1635 0.0087 12
2021-09-30_07-13-00 280.3555 36.0276 0.0500 0.1201 1.1537 0.0083 90.1582 0.0241 754.2866 0.1486 1.1537 0.0083 12
2021-09-30_07-14-00 290.0906 24.1825 0.0944 0.1656 1.1418 0.0076 89.6591 0.2009 754.2798 0.1384 1.1418 0.0076 12
2021-09-30_07-15-00 252.2123 106.0930 0.0722 0.1562 1.1247 0.0098 89.3152 0.0338 754.2596 0.1253 1.1247 0.0098 12
2021-09-30_07-16-00 300.0577 17.0527 0.2582 0.3133 1.1177 0.0086 89.1778 0.0483 754.2866 0.1487 1.1177 0.0086 12
2021-09-30_07-17-00 302.0379 20.9743 0.2416 0.2542 1.1093 0.0065 89.0616 0.0921 754.2798 0.1248 1.1093 0.0065 12
2021-09-30_07-18-00 291.1647 14.1567 0.3165 0.2341 1.1035 0.0087 89.0256 0.0374 754.3272 0.1404 1.1035 0.0087 12
2021-09-30_07-19-00 284.5500 10.9313 0.0000 0.0000 1.1195 0.0110 89.1638 0.0748 754.3339 0.1263 1.1195 0.0110 12
2021-09-30_07-20-00 288.8029 7.7051 0.0000 0.0000 1.1220 0.0083 89.0345 0.0427 754.3172 0.1442 1.1220 0.0083 12
2021-09-30_07-21-00 284.7732 13.1262 0.0000 0.0000 1.1211 0.0069 88.9799 0.0437 754.3364 0.1346 1.1211 0.0069 12
2021-09-30_07-22-00 291.6729 95.6051 0.0000 0.0000 1.1221 0.0094 88.8008 0.0995 754.3508 0.1565 1.1221 0.0094 12
2021-09-30_07-23-00 295.1514 91.3964 0.0861 0.1816 1.1325 0.0094 88.3870 0.1598 754.3375 0.1253 1.1325 0.0094 12
2021-09-30_07-24-00 311.2917 25.4881 0.1083 0.1798 1.1628 0.0134 88.3026 0.0734 754.3718 0.1579 1.1628 0.0134 12
2021-09-30_07-25-00 304.6934 23.3795 0.3887 0.3910 1.1948 0.0214 88.6938 0.1801 754.3789 0.1514 1.1948 0.0214 12
2021-09-30_07-26-00 287.3079 1.5990 0.0000 0.0000 1.2587 0.0249 88.9975 0.0574 754.3791 0.1699 1.2587 0.0249 12
2021-09-30_07-27-00 271.1246 16.1738 0.0000 0.0000 1.3545 0.0389 88.8871 0.1547 754.3525 0.1711 1.3545 0.0389 12
2021-09-30_07-28-00 245.3680 10.6604 0.0000 0.0000 1.5240 0.0510 87.8445 0.4676 754.3796 0.1346 1.5240 0.0510 12
2021-09-30_07-29-00 227.5244 12.4766 0.0000 0.0000 1.6511 0.0349 86.7974 0.1291 754.3394 0.1205 1.6511 0.0349 12
2021-09-30_07-30-00 184.0398 13.0271 0.0000 0.0000 1.7650 0.0341 87.0608 0.1760 754.3665 0.1526 1.7650 0.0341 12
2021-09-30_07-31-00 194.9931 19.5658 0.0000 0.0000 1.9258 0.0494 86.3272 0.3842 754.4005 0.1677 1.9258 0.0494 12
2021-09-30_07-32-00 215.8655 5.8053 0.0000 0.0000 1.9893 0.0242 84.0569 1.3955 754.4345 0.1813 1.9893 0.0242 12
2021-09-30_07-33-00 186.7064 13.3053 0.0000 0.0000 2.1172 0.0548 82.9585 0.3787 754.4346 0.1486 2.1173 0.0548 12
2021-09-30_07-34-00 170.4767 5.4883 0.0000 0.0000 2.4077 0.1169 82.9086 0.4557 754.4347 0.1360 2.4078 0.1169 12
2021-09-30_07-35-00 167.3164 0.0208 0.0000 0.0000 2.8169 0.1381 83.5422 0.2225 754.4482 0.1404 2.8169 0.1381 12
2021-09-30_07-36-00 167.3245 0.0124 0.0000 0.0000 3.3397 0.1748 84.0426 0.4747 754.4686 0.1165 3.3397 0.1748 12
2021-09-30_07-37-00 164.0201 1.4994 0.0000 0.0000 3.8042 0.0865 81.1321 1.2722 754.4552 0.1461 3.8042 0.0865 12
2021-09-30_07-38-00 161.3579 2.9184 0.0000 0.0000 4.0323 0.0882 81.0998 0.9425 754.4688 0.1482 4.0323 0.0882 12
2021-09-30_07-39-00 163.2761 19.1761 0.0000 0.0000 4.3117 0.0668 81.2789 0.8655 754.4756 0.1403 4.3118 0.0668 12
2021-09-30_07-40-00 231.4757 1.4406 0.0000 0.0000 4.3385 0.0347 78.3359 0.9350 754.4756 0.1315 4.3385 0.0347 12
2021-09-30_07-41-00 164.9524 37.4447 0.0000 0.0000 4.3493 0.0228 79.5344 0.6892 754.4621 0.1345 4.3493 0.0228 12
2021-09-30_07-42-00 143.2328 0.0198 0.0000 0.0000 4.2704 0.0324 78.6625 0.6082 754.5006 0.1665 4.2704 0.0324 12
2021-09-30_07-43-00 129.6221 8.3796 0.0056 0.0192 4.1018 0.0757 80.4848 0.4396 754.5077 0.1403 4.1018 0.0757 12
2021-09-30_07-44-00 118.9237 4.3975 0.0000 0.0000 3.8319 0.0855 81.3984 0.4609 754.4883 0.1481 3.8319 0.0855 12
2021-09-30_07-45-00 128.8729 3.4920 0.0000 0.0000 3.5558 0.0733 80.9177 0.2483 754.4960 0.1254 3.5558 0.0733 12
2021-09-30_07-46-00 136.8202 1.6741 0.0000 0.0000 3.3080 0.0891 81.4325 0.2030 754.5105 0.1403 3.3080 0.0891 12
2021-09-30_07-47-00 111.9641 11.1881 0.0000 0.0000 3.0759 0.0534 82.3303 0.2524 754.5176 0.1147 3.0759 0.0534 12
2021-09-30_07-48-00 119.1353 0.6903 0.0000 0.0000 2.9460 0.0186 83.3420 0.8872 754.5458 0.1310 2.9460 0.0186 12
2021-09-30_07-49-00 114.5510 4.3850 0.0000 0.0000 3.0337 0.0596 85.5984 0.7221 754.5664 0.1486 3.0338 0.0596 12
2021-09-30_07-50-00 136.7914 20.9211 0.0000 0.0000 3.2215 0.0506 86.2965 0.4973 754.6143 0.0968 3.2215 0.0506 12
2021-09-30_07-51-00 213.1773 15.1728 0.0305 0.0771 3.2757 0.0151 83.4101 1.0497 754.5810 0.1205 3.2757 0.0151 12
2021-09-30_07-52-00 212.6475 6.0206 0.0194 0.0673 3.1961 0.0237 84.5023 0.8508 754.6083 0.1269 3.1961 0.0237 12
2021-09-30_07-53-00 212.8479 0.0109 0.0000 0.0000 3.2617 0.0565 84.0922 1.5157 754.6358 0.1360 3.2617 0.0565 12
2021-09-30_07-54-00 213.2241 0.3954 0.0000 0.0000 3.4792 0.0510 81.1148 1.5131 754.6562 0.1113 3.4792 0.0510 12
2021-09-30_07-55-00 213.5925 0.0208 0.0000 0.0000 3.5425 0.0312 79.6420 0.4874 754.6431 0.1173 3.5425 0.0312 12
2021-09-30_07-56-00 213.5686 0.0150 0.0000 0.0000 3.7038 0.0780 79.9682 0.2904 754.6974 0.1190 3.7038 0.0780 12
2021-09-30_07-57-00 239.8916 11.7617 0.0000 0.0000 3.9195 0.0499 80.4241 0.2304 754.7044 0.1513 3.9195 0.0499 12
2021-09-30_07-58-00 268.0268 11.8338 0.0000 0.0000 4.0869 0.0306 80.4488 0.1795 754.7316 0.1171 4.0869 0.0306 12
2021-09-30_07-59-00 259.8981 13.2564 0.0000 0.0000 4.0736 0.0373 78.5738 1.1254 754.6979 0.0968 4.0736 0.0373 12
2021-09-30_08-00-00 246.7829 2.9320 0.0000 0.0000 3.8866 0.0776 78.3701 1.0319 754.6982 0.1190 3.8866 0.0776 12
2021-09-30_08-01-00 232.1853 17.0903 0.0000 0.0000 3.6165 0.0792 80.5846 0.4746 754.6779 0.1006 3.6165 0.0792 12
2021-09-30_08-02-00 181.7639 4.2796 0.0000 0.0000 3.4200 0.0181 81.4559 0.1074 754.6781 0.1486 3.4200 0.0181 12
2021-09-30_08-03-00 153.4469 11.1844 0.1888 0.2370 3.4063 0.0181 80.9824 0.2967 754.6578 0.1112 3.4063 0.0181 12
2021-09-30_08-04-00 163.7020 8.2465 0.1944 0.2721 3.2299 0.0687 79.4434 0.7996 754.6512 0.1221 3.2299 0.0687 12
2021-09-30_08-05-00 186.7646 7.2740 0.0028 0.0096 3.1045 0.0326 78.9991 0.6269 754.6377 0.1221 3.1045 0.0326 12
2021-09-30_08-06-00 204.1686 11.0421 0.0000 0.0000 3.0056 0.0343 82.0970 0.7630 754.6648 0.1346 3.0056 0.0343 12
2021-09-30_08-07-00 250.7698 7.3337 0.0000 0.0000 2.8551 0.0463 81.1908 0.6918 754.6784 0.1446 2.8551 0.0463 12
2021-09-30_08-08-00 246.0353 1.6598 0.0000 0.0000 2.7858 0.0157 81.4598 0.1973 754.6852 0.1038 2.7858 0.0157 12
2021-09-30_08-09-00 228.6295 16.7263 0.0000 0.0000 2.8277 0.0161 82.1398 0.1471 754.6582 0.1057 2.8278 0.0161 12
2021-09-30_08-10-00 189.0711 11.3657 0.0000 0.0000 2.7965 0.0106 82.8723 1.5738 754.6650 0.0923 2.7965 0.0106 12
2021-09-30_08-11-00 163.5263 10.0419 0.0194 0.0332 2.7523 0.0218 88.3383 0.9154 754.6718 0.1332 2.7522 0.0218 12
2021-09-30_08-12-00 167.2803 12.2789 0.0472 0.1039 2.6226 0.0457 89.8731 0.2831 754.6519 0.1325 2.6226 0.0457 12
2021-09-30_08-13-00 134.4725 33.8120 0.0111 0.0296 2.5077 0.0260 91.0300 0.2955 754.6430 0.1171 2.5077 0.0260 12
2021-09-30_08-14-00 155.6132 5.8251 0.0000 0.0000 2.4586 0.0087 91.6597 0.1879 754.6650 0.1332 2.4586 0.0087 12
2021-09-30_08-15-00 165.7443 10.6154 0.0000 0.0000 2.5335 0.0490 92.8950 0.4603 754.6655 0.1138 2.5335 0.0490 12
2021-09-30_08-16-00 157.4662 6.2997 0.0028 0.0096 2.6793 0.0408 92.5551 0.4360 754.7070 0.1671 2.6793 0.0408 12
2021-09-30_08-17-00 167.9256 13.9367 0.0000 0.0000 2.7997 0.0296 91.8977 0.1029 754.6806 0.0978 2.7997 0.0296 12
2021-09-30_08-18-00 171.3242 0.0897 0.0000 0.0000 2.8378 0.0177 91.7935 0.1086 754.7352 0.1560 2.8378 0.0177 12
2021-09-30_08-19-00 143.5620 15.6708 0.0222 0.0499 2.9143 0.0164 92.2203 0.4601 754.6953 0.1287 2.9143 0.0164 12
2021-09-30_08-20-00 147.9226 3.4325 0.0000 0.0000 2.9177 0.0127 91.4275 0.1055 754.7023 0.1472 2.9177 0.0127 12
2021-09-30_08-21-00 145.9648 0.2501 0.0000 0.0000 2.9787 0.0294 91.6113 0.0810 754.7368 0.1521 2.9788 0.0294 12
2021-09-30_08-22-00 145.4928 3.5451 0.0000 0.0000 3.0705 0.0323 91.2472 0.2722 754.7505 0.1724 3.0705 0.0323 12
2021-09-30_08-23-00 133.5118 0.0815 0.0000 0.0000 3.2005 0.0500 90.8978 0.2221 754.7306 0.1486 3.2005 0.0500 12
2021-09-30_08-24-00 122.9549 10.3284 0.0000 0.0000 3.3535 0.0370 91.3708 0.3056 754.7782 0.1460 3.3535 0.0370 12
2021-09-30_08-25-00 123.8891 10.1423 0.1138 0.1811 3.3707 0.0463 91.4809 0.4245 754.7716 0.1486 3.3707 0.0463 12
2021-09-30_08-26-00 114.0482 13.2003 0.1277 0.2338 3.2222 0.0530 90.8757 0.3337 754.7517 0.1461 3.2222 0.0530 12
2021-09-30_08-27-00 147.7858 29.6223 0.5248 0.4708 3.1527 0.0136 92.1014 0.9069 754.7315 0.1360 3.1527 0.0136 12
2021-09-30_08-28-00 139.6731 8.6953 0.6497 0.3990 3.1307 0.0245 93.1391 0.2373 754.7520 0.1617 3.0289 0.3606 12
2021-09-30_08-29-00 150.1081 13.7131 1.0468 0.8413 2.9849 0.0712 89.6565 2.2285 754.7080 0.1512 2.1832 0.8303 12
2021-09-30_08-30-00 122.0892 33.4344 0.7053 0.7808 2.9108 0.0274 89.4574 1.7098 754.7166 0.1121 2.4062 0.7358 12
2021-09-30_08-31-00 101.0701 13.1059 0.4276 0.4695 2.8897 0.0310 92.9621 0.3393 754.7517 0.1745 2.7819 0.3600 12
2021-09-30_08-32-00 84.2490 9.8977 0.1333 0.2585 2.8057 0.0286 93.1300 0.1720 754.7456 0.1028 2.8057 0.0286 12
2021-09-30_08-33-00 118.1146 30.3213 0.6969 0.6832 2.8594 0.0783 94.6515 1.1015 754.7293 0.1440 2.3862 0.7207 12
2021-09-30_08-34-00 133.7119 15.1419 0.9385 0.3427 3.0522 0.0196 95.4150 0.8641 754.7906 0.1642 2.8478 0.4680 12
2021-09-30_08-35-00 159.5668 11.4387 0.5803 0.4992 2.9325 0.0594 92.3193 0.5338 754.7787 0.1513 2.9325 0.0594 12
2021-09-30_08-36-00 123.4623 18.8487 0.6831 0.6437 2.8618 0.0147 93.3188 0.4350 754.7525 0.1403 2.5733 0.5224 12
2021-09-30_08-37-00 130.4293 7.7997 1.3911 0.4402 2.7472 0.0608 94.0110 0.1604 754.7804 0.1154 1.6965 0.7814 12
2021-09-30_08-38-00 122.2851 10.4356 1.8354 0.8873 2.5737 0.0312 94.3638 0.1693 754.7678 0.1404 0.9768 1.2650 12
2021-09-30_08-39-00 125.9496 12.4963 0.6692 0.5609 2.4631 0.0189 94.4255 0.2385 754.8019 0.1362 2.2087 0.5975 12
2021-09-30_08-40-00 171.8245 19.7939 1.7993 0.5261 2.4648 0.0182 95.1361 0.2719 754.7625 0.1585 0.7978 0.8327 12
2021-09-30_08-41-00 167.7875 9.0357 0.9968 0.3455 2.4543 0.0069 95.3362 0.3373 754.7816 0.1387 2.3369 0.4049 12
2021-09-30_08-42-00 175.3224 7.8464 0.9107 0.5560 2.4434 0.0132 95.2032 0.2480 754.7928 0.1315 1.9789 0.6897 12
2021-09-30_08-43-00 182.9079 5.2712 1.4133 0.3856 2.4122 0.0203 93.8469 1.0935 754.7980 0.1320 1.9064 0.9235 12
2021-09-30_08-44-00 199.3723 10.5770 1.5216 0.3722 2.3220 0.0296 90.3824 0.4564 754.8171 0.1389 1.1714 0.9151 12
2021-09-30_08-45-00 209.1086 16.3315 1.6021 0.3679 2.2016 0.0348 90.0218 0.3814 754.8252 0.1357 0.9983 0.9436 12
2021-09-30_08-46-00 187.7926 9.1337 0.1250 0.3215 2.1488 0.0131 91.3055 0.6687 754.8308 0.1198 2.1488 0.0131 12
2021-09-30_08-47-00 149.5704 24.6887 0.5859 0.4505 2.2382 0.0352 93.8932 0.7048 754.8165 0.1139 2.2382 0.0352 12
2021-09-30_08-48-00 164.5518 21.5064 0.6025 0.5450 2.3202 0.0265 95.5263 0.6350 754.9162 0.1311 2.1108 0.5047 12
2021-09-30_08-49-00 165.3858 44.8871 0.0639 0.1298 2.3332 0.0170 96.7104 0.1493 754.8588 0.1171 2.3332 0.0170 12
2021-09-30_08-50-00 84.0827 10.1773 0.1083 0.1484 2.2786 0.0222 97.2211 0.1036 754.8551 0.1404 2.2786 0.0222 12
2021-09-30_08-51-00 106.8744 14.5757 0.1027 0.2239 2.2334 0.0095 97.6507 0.2120 754.8701 0.1317 2.2334 0.0095 12
2021-09-30_08-52-00 105.9217 16.5773 0.7025 0.2742 2.2472 0.0141 98.2595 0.1190 754.8937 0.1663 2.2472 0.0141 12
2021-09-30_08-53-00 130.8235 6.9867 1.8909 0.2737 2.1383 0.0656 97.9250 0.2888 754.8540 0.1551 0.1833 0.3531 12
2021-09-30_08-54-00 134.3849 8.6522 1.0885 0.4473 1.9723 0.0224 97.4459 0.1514 754.8767 0.1528 1.6755 0.6956 12
2021-09-30_08-55-00 132.4855 7.4963 2.3990 0.4615 1.9616 0.0104 98.0049 0.1156 754.8538 0.1353 -0.5678 0.4390 12
2021-09-30_08-56-00 132.7636 5.0067 2.6517 0.1486 1.8762 0.0433 98.0009 0.1036 754.8366 0.1171 -0.9397 0.1416 12
2021-09-30_08-57-00 134.2234 6.0758 1.6938 0.3599 1.7927 0.0166 97.9728 0.0332 754.8767 0.1445 0.1439 0.6685 12
2021-09-30_08-58-00 132.3372 14.5092 0.4443 0.3992 1.7893 0.0220 98.0634 0.1386 754.9103 0.1468 1.7893 0.0220 12
2021-09-30_08-59-00 162.1326 14.7152 0.0083 0.0207 1.8972 0.0552 98.5532 0.1927 754.9411 0.1355 1.8972 0.0552 12
2021-09-30_09-00-00 190.6509 26.1915 0.0194 0.0481 2.0413 0.0295 98.9109 0.0472 754.9553 0.1364 2.0413 0.0295 12
2021-09-30_09-01-00 202.2033 21.9074 0.0056 0.0192 2.0557 0.0167 98.7316 0.1184 754.9779 0.1253 2.0557 0.0167 12
2021-09-30_09-02-00 158.4805 11.7586 0.4942 0.4063 2.0506 0.0219 98.5666 0.0294 754.9950 0.1474 2.0506 0.0219 12
2021-09-30_09-03-00 160.9406 11.0115 1.2551 0.4794 2.0435 0.0075 98.3399 0.0844 754.9717 0.1204 1.4026 0.9638 12
2021-09-30_09-04-00 197.1657 13.3053 0.8386 0.9665 2.0268 0.0116 98.0247 0.2152 754.9779 0.1138 1.3067 1.0707 12
2021-09-30_09-05-00 276.9467 42.8443 0.2194 0.3361 2.0210 0.0090 96.9523 0.6379 755.0048 0.1028 2.0210 0.0090 12
2021-09-30_09-06-00 154.9463 170.3659 0.4248 0.5764 2.0420 0.0196 94.2626 0.5334 754.9951 0.0915 1.8017 0.5715 12
2021-09-30_09-07-00 203.6527 80.1721 0.1916 0.2457 2.1314 0.0324 94.2875 0.3240 755.0149 0.1389 2.1314 0.0324 12
2021-09-30_09-08-00 195.8915 15.2508 0.7858 0.4165 2.2310 0.0234 95.3426 0.2245 755.0816 0.1360 2.1152 0.3960 12
2021-09-30_09-09-00 223.2263 6.5745 0.0750 0.1652 2.2292 0.0172 95.2246 0.2559 755.0878 0.1460 2.2292 0.0172 12
2021-09-30_09-10-00 201.9709 13.6598 0.0028 0.0096 2.2284 0.0152 95.5400 0.3776 755.0874 0.1332 2.2284 0.0152 12
2021-09-30_09-11-00 204.2894 11.2925 0.8136 0.6530 2.2419 0.0125 95.8158 0.1032 755.0970 0.1387 1.9633 0.6595 12
2021-09-30_09-12-00 154.7309 13.1591 1.1829 0.4523 2.3110 0.0297 97.2468 0.5367 755.0907 0.1418 1.6757 0.7924 12
2021-09-30_09-13-00 161.9904 7.9796 0.9857 0.7496 2.3008 0.0384 97.7562 0.2261 755.0826 0.1171 1.5707 0.8943 12
2021-09-30_09-14-00 176.8459 15.1517 0.2221 0.4263 2.2588 0.0283 97.6358 0.1550 755.0498 0.1260 2.1567 0.3353 12
2021-09-30_09-15-00 178.6035 26.2627 1.4550 0.3336 2.4645 0.0758 98.3016 0.1212 755.1127 0.1486 1.5335 0.8528 12
2021-09-30_09-16-00 223.4934 11.5490 1.0246 0.3021 2.6715 0.0399 96.3353 1.7990 755.0980 0.1299 2.4584 0.4919 12
2021-09-30_09-17-00 232.1712 16.9020 0.6969 0.4561 2.8028 0.0524 90.6923 1.0215 755.1041 0.1440 2.8028 0.0524 12
2021-09-30_09-18-00 225.3461 16.7340 0.0833 0.1132 2.9849 0.0615 90.2627 0.5329 755.1461 0.1273 2.9849 0.0615 12
2021-09-30_09-19-00 287.1727 32.5935 0.0000 0.0000 3.1533 0.0373 89.6829 0.3912 755.1463 0.1406 3.1533 0.0373 12
2021-09-30_09-20-00 239.6980 26.6231 0.5331 0.4776 3.2572 0.0164 88.1089 0.3668 755.1226 0.1486 3.2572 0.0164 12
2021-09-30_09-21-00 268.5970 31.0543 0.0000 0.0000 3.1830 0.0217 88.9672 0.2928 755.1104 0.1602 3.1830 0.0217 12
2021-09-30_09-22-00 276.8473 13.9296 0.7330 0.5740 3.1612 0.0286 89.1275 0.1373 755.1191 0.1362 2.9504 0.4989 12
2021-09-30_09-23-00 229.4717 107.6962 0.1250 0.3107 3.0337 0.0267 89.6423 0.4483 755.1343 0.1311 3.0337 0.0267 12
2021-09-30_09-24-00 304.7281 20.1393 0.0000 0.0000 3.0520 0.0198 91.0898 0.2270 755.1284 0.1221 3.0520 0.0198 12
2021-09-30_09-25-00 264.1391 19.9860 0.4109 0.4668 3.0745 0.0166 90.6282 0.3935 755.1710 0.1526 3.0745 0.0166 12
2021-09-30_09-26-00 236.5996 11.6229 0.0777 0.1821 2.9619 0.0292 90.7977 0.3346 755.1692 0.0941 2.9619 0.0292 12
2021-09-30_09-27-00 238.1607 1.8169 0.0000 0.0000 2.9127 0.0167 90.2377 0.5312 755.1505 0.1221 2.9127 0.0167 12
2021-09-30_09-28-00 243.8103 7.9915 0.0000 0.0000 2.9152 0.0144 88.9369 0.6299 755.1274 0.1219 2.9152 0.0144 12
2021-09-30_09-29-00 277.8947 19.5298 0.0000 0.0000 2.9468 0.0162 85.8979 0.6169 755.1517 0.1340 2.9468 0.0162 12
2021-09-30_09-30-00 274.3370 7.8514 0.1638 0.2720 2.9652 0.0151 83.9393 0.5772 755.1348 0.1464 2.9652 0.0151 12
2021-09-30_09-31-00 257.4896 6.6258 0.0139 0.0481 2.9168 0.0173 83.8960 0.1529 755.1134 0.1445 2.9168 0.0173 12
2021-09-30_09-32-00 229.9320 21.5809 0.1388 0.2787 2.9470 0.0351 85.1055 0.4521 755.1369 0.1269 2.9470 0.0351 12
2021-09-30_09-33-00 189.5109 20.0883 0.0333 0.0791 3.0800 0.0641 86.8102 0.5240 755.0982 0.1124 3.0800 0.0641 12
2021-09-30_09-34-00 143.2252 20.9735 0.0139 0.0388 3.4016 0.1261 88.1033 0.2483 755.0615 0.1565 3.4016 0.1261 12
2021-09-30_09-35-00 216.8990 13.7956 1.3689 0.6289 3.6445 0.0270 86.6363 1.2650 755.0752 0.1269 2.7380 0.8334 12
2021-09-30_09-36-00 229.3774 21.6950 2.0075 0.4480 3.5325 0.0628 86.1325 0.6879 755.0821 0.1287 1.8429 0.8705 12
2021-09-30_09-37-00 197.8937 12.5754 2.5934 0.2915 3.3876 0.0325 88.1042 0.3538 755.0859 0.1380 0.9185 0.2762 12
2021-09-30_09-38-00 209.7026 8.3820 2.2824 0.5424 3.2006 0.0400 88.3377 1.1976 755.1001 0.1481 1.0292 0.5511 12
2021-09-30_09-39-00 239.0733 13.6050 1.7826 0.5607 3.1391 0.0206 89.8538 0.3767 755.0859 0.1461 1.8034 1.0388 12
2021-09-30_09-40-00 197.6426 16.0127 1.5660 0.4971 3.2382 0.0778 90.6811 1.0546 755.0737 0.1247 2.0785 0.8463 12
2021-09-30_09-41-00 219.2717 19.8746 1.1218 0.4856 3.3525 0.0136 86.2357 0.9110 755.0627 0.1461 2.8462 0.7587 12
2021-09-30_09-42-00 239.1378 24.6043 0.3193 0.2694 3.3584 0.0166 86.4957 0.8529 755.0657 0.1323 3.3584 0.0166 12
2021-09-30_09-43-00 229.0252 15.3597 0.5248 0.5019 3.4626 0.0311 87.9835 0.7313 755.0706 0.1147 3.4626 0.0311 12
2021-09-30_09-44-00 200.8622 6.4221 0.7969 0.4844 3.5203 0.0175 84.3283 1.0805 755.0637 0.1403 3.4154 0.3635 12
2021-09-30_09-45-00 191.6004 22.1567 0.8108 0.8995 3.6192 0.0428 84.5222 0.6146 755.0914 0.1247 3.0269 0.8478 12
2021-09-30_09-46-00 203.3276 9.6305 1.4022 0.4469 3.7493 0.0229 83.6382 0.4828 755.0949 0.1389 2.8797 0.8113 12
2021-09-30_09-47-00 203.7264 19.3547 0.5664 0.3362 3.7794 0.0241 83.2908 0.5436 755.0774 0.1308 3.7794 0.0241 12
2021-09-30_09-48-00 230.8062 18.6714 0.9441 0.6394 3.8029 0.0207 83.6604 1.0852 755.1123 0.1269 3.3554 0.6792 12
2021-09-30_09-49-00 265.9921 22.6802 1.1245 0.7108 3.7006 0.0457 83.3471 0.5832 755.1033 0.1566 3.0195 0.8730 12
2021-09-30_09-50-00 274.6250 31.2203 0.0250 0.0621 3.6082 0.0156 83.5706 0.3141 755.1360 0.1171 3.6083 0.0156 12
2021-09-30_09-51-00 182.8617 49.4612 0.0444 0.1241 3.7544 0.0612 84.9166 0.5821 755.1063 0.1269 3.7544 0.0612 12
2021-09-30_09-52-00 256.4530 40.7368 0.1638 0.3315 3.8827 0.0390 84.8348 0.7497 755.1203 0.1154 3.8827 0.0390 12
2021-09-30_09-53-00 254.7206 16.2082 1.4189 0.3626 3.8953 0.0422 82.4721 1.4144 755.1355 0.1221 3.1708 0.7702 12
2021-09-30_09-54-00 202.3035 10.6975 0.4415 0.3271 3.8209 0.0367 82.4685 0.2693 755.1161 0.1263 3.8209 0.0367 12
2021-09-30_09-55-00 166.3482 19.2534 0.0639 0.1242 4.0138 0.0859 81.4575 0.3394 755.1507 0.0945 4.0138 0.0859 12
2021-09-30_09-56-00 192.3344 34.5060 0.4915 0.3786 4.2732 0.0656 83.8857 1.3252 755.1282 0.1332 4.2732 0.0656 12
2021-09-30_09-57-00 258.9593 20.8873 1.0746 0.8505 4.2732 0.0562 82.0578 0.7019 755.1478 0.1221 3.5172 0.8553 12
2021-09-30_09-58-00 257.5670 20.1038 0.9191 0.5767 4.0468 0.0558 83.0548 0.3457 755.1657 0.0937 3.6957 0.6556 12
2021-09-30_09-59-00 277.3353 22.7790 0.4498 0.4908 3.9022 0.0202 83.8530 0.7501 755.2071 0.1192 3.8178 0.2852 12
2021-09-30_10-00-00 200.2720 51.5056 0.0000 0.0000 4.0022 0.0970 83.1997 0.2824 755.2358 0.1419 4.0022 0.0970 12
2021-09-30_10-01-00 231.1445 18.3732 0.6442 0.4503 4.3632 0.0768 82.9233 0.3478 755.2073 0.1335 4.2547 0.3550 12
2021-09-30_10-02-00 226.2556 16.8705 0.5887 0.5364 4.4191 0.0141 80.2027 0.6997 755.2469 0.1165 4.3363 0.2832 12
2021-09-30_10-03-00 217.5605 9.8971 0.5276 0.3975 4.4653 0.0167 80.6584 0.6676 755.2251 0.1168 4.4653 0.0167 12
2021-09-30_10-04-00 217.4681 9.8734 0.6942 0.3780 4.4837 0.0127 80.5683 0.5751 755.2314 0.1334 4.4837 0.0127 12
2021-09-30_10-05-00 216.1150 42.3500 0.2194 0.2753 4.6098 0.0987 83.7321 1.5084 755.2232 0.1221 4.6098 0.0987 12
2021-09-30_10-06-00 290.0030 98.6947 0.1222 0.1970 4.8967 0.0804 81.1037 0.9688 755.2595 0.1499 4.8967 0.0804 12
2021-09-30_10-07-00 270.7250 94.3287 0.1555 0.3107 5.0375 0.0217 80.4522 1.1729 755.2442 0.1389 5.0375 0.0217 12
2021-09-30_10-08-00 258.1336 32.0353 0.0583 0.1138 5.0912 0.0185 77.5733 0.6462 755.2491 0.1216 5.0912 0.0185 12
2021-09-30_10-09-00 254.6864 20.0836 0.0222 0.0519 5.1825 0.0317 77.3720 0.2580 755.2820 0.1389 5.1825 0.0317 12
2021-09-30_10-10-00 255.2385 30.5663 0.4193 0.4541 5.2531 0.0250 77.3257 0.2696 755.3003 0.1659 5.2531 0.0250 12
2021-09-30_10-11-00 220.2108 10.5123 0.0000 0.0000 5.1885 0.0242 79.9238 1.1260 755.2864 0.1286 5.1885 0.0242 12
2021-09-30_10-12-00 207.9919 31.5734 0.0416 0.0854 5.2602 0.0306 80.8164 0.5991 755.3120 0.0904 5.2602 0.0306 12
2021-09-30_10-13-00 193.1939 14.3491 1.1940 0.7261 5.3581 0.0193 81.2506 1.2042 755.3249 0.0995 4.8532 0.7608 12
2021-09-30_10-14-00 213.4646 22.6699 1.3994 0.5189 5.3124 0.0388 83.5617 0.7407 755.3579 0.1345 4.6271 0.7363 12
2021-09-30_10-15-00 229.7347 37.4217 0.8025 0.9257 5.0957 0.0739 81.5599 1.2263 755.3765 0.1395 4.7258 0.9122 12
2021-09-30_10-16-00 249.7047 12.7543 2.3657 0.3167 4.7420 0.1305 77.1687 0.6289 755.4128 0.1355 2.7274 0.3864 12
2021-09-30_10-17-00 248.3284 29.0981 1.2856 0.8370 4.3337 0.0841 76.9608 0.4137 755.4034 0.1389 3.5156 0.8326 12
2021-09-30_10-18-00 263.5354 83.4385 0.3249 0.4031 4.2393 0.0218 78.1804 0.8535 755.4570 0.1405 4.2393 0.0218 12
2021-09-30_10-19-00 176.6758 71.2979 0.0000 0.0000 4.4061 0.1008 81.4603 0.9375 755.4486 0.1616 4.4061 0.1008 12
2021-09-30_10-20-00 219.6221 113.3258 0.3221 0.3472 4.7402 0.0734 81.8659 0.2829 755.3891 0.1403 4.7402 0.0734 12
2021-09-30_10-21-00 67.2711 36.3512 0.3943 0.4214 4.8380 0.0174 81.2767 1.1501 755.4175 0.1486 4.8380 0.0174 12
2021-09-30_10-22-00 147.4350 132.0376 0.1194 0.2598 4.7973 0.0133 79.4219 0.2510 755.4802 0.1805 4.7973 0.0133 12
2021-09-30_10-23-00 126.8671 158.0060 0.3221 0.3992 4.6394 0.0763 79.4417 0.3462 755.4245 0.1526 4.6394 0.0763 12
2021-09-30_10-24-00 211.1651 150.7416 0.2499 0.3150 4.4078 0.0490 80.8709 0.2822 755.3965 0.1389 4.4078 0.0490 12
2021-09-30_10-25-00 208.2520 149.4730 0.0250 0.0683 4.3117 0.0159 81.7101 0.4139 755.4721 0.1244 4.3117 0.0159 12
2021-09-30_10-26-00 252.7269 93.1042 0.0028 0.0096 4.2041 0.0301 81.2269 0.4027 755.4407 0.1253 4.2041 0.0301 12
2021-09-30_10-27-00 316.3260 24.8986 0.0000 0.0000 4.1416 0.0159 81.2960 0.4153 755.4128 0.1269 4.1416 0.0159 12
2021-09-30_10-28-00 246.6797 26.5526 0.1472 0.1930 4.2120 0.0139 82.1798 0.1090 755.4663 0.1315 4.2120 0.0139 12
2021-09-30_10-29-00 219.5958 31.5846 0.0028 0.0096 4.1910 0.0149 82.8653 0.9457 755.4383 0.1153 4.1910 0.0149 12
2021-09-30_10-30-00 219.9272 17.3158 0.0028 0.0096 4.2704 0.0366 84.1081 0.3248 755.4309 0.1641 4.2704 0.0366 12
2021-09-30_10-31-00 258.7428 12.6522 0.3471 0.2697 4.2553 0.0515 82.9647 0.3723 755.4329 0.1300 4.2553 0.0515 12
2021-09-30_10-32-00 224.5868 22.7035 0.6692 0.8246 4.1076 0.0513 84.4964 0.3116 755.4397 0.1541 3.6856 0.8193 12
2021-09-30_10-33-00 228.1387 7.7104 2.7822 0.5179 3.8050 0.1373 80.6261 1.9661 755.4465 0.1064 1.2784 0.4652 12
2021-09-30_10-34-00 223.8190 13.1449 1.8798 0.2899 3.4779 0.0613 81.1353 1.3578 755.3993 0.1354 1.7516 0.3354 12
2021-09-30_10-35-00 226.0289 9.9445 2.3824 0.4592 3.3300 0.0391 82.7894 0.1944 755.4601 0.1360 1.1429 0.7222 12
2021-09-30_10-36-00 258.8511 13.0239 1.6188 0.4476 3.1943 0.0363 83.9354 0.2691 755.4467 0.1221 1.8367 0.7030 12
2021-09-30_10-37-00 280.5459 29.1636 0.6581 0.4147 3.1263 0.0083 85.3514 0.4553 755.4535 0.1295 3.0290 0.3336 12
2021-09-30_10-38-00 192.2590 18.8017 1.6410 0.5641 3.1526 0.0250 87.7206 2.0283 755.4806 0.1398 2.0139 1.0385 12
2021-09-30_10-39-00 168.9671 13.1764 1.9353 0.4758 3.1956 0.0112 93.3918 0.9428 755.4721 0.1301 1.4504 0.6885 12
2021-09-30_10-40-00 216.3700 34.8452 1.1107 1.0009 3.1876 0.0104 93.3197 0.9634 755.4493 0.1247 2.3727 1.0647 12
2021-09-30_10-41-00 242.2346 139.4353 0.0278 0.0962 3.2141 0.0225 88.1546 2.0115 755.4701 0.1099 3.2141 0.0225 12
2021-09-30_10-42-00 84.5200 80.3392 0.2888 0.5004 3.3741 0.0611 86.4107 0.2531 755.4704 0.0986 3.2760 0.3269 12
2021-09-30_10-43-00 82.5944 83.8934 0.1694 0.3387 3.4960 0.0226 85.8393 0.5287 755.4441 0.1445 3.4960 0.0226 12
2021-09-30_10-44-00 170.3046 48.2875 0.0000 0.0000 3.5700 0.0252 84.9591 0.2210 755.4916 0.1527 3.5700 0.0252 12
2021-09-30_10-45-00 87.5223 69.5075 0.0000 0.0000 3.6513 0.0218 82.4783 1.4772 755.5191 0.1419 3.6513 0.0218 12
2021-09-30_10-46-00 193.6155 11.8076 0.0000 0.0000 3.7301 0.0288 79.0315 0.6034 755.4990 0.1710 3.7301 0.0288 12
2021-09-30_10-47-00 199.9413 14.9160 0.0000 0.0000 3.8173 0.0340 80.9566 0.2288 755.4993 0.1403 3.8173 0.0340 12
2021-09-30_10-48-00 121.4833 140.7379 0.2971 0.4121 3.9278 0.0330 81.7688 0.5586 755.5301 0.1198 3.9278 0.0330 12
2021-09-30_10-49-00 203.2920 178.6027 0.3360 0.3254 3.9460 0.0085 82.8357 0.6864 755.5156 0.1461 3.9460 0.0085 12
2021-09-30_10-50-00 50.9642 32.1302 0.0278 0.0583 3.9234 0.0108 83.8314 0.3606 755.4897 0.1121 3.9234 0.0108 12
2021-09-30_10-51-00 221.6276 150.1553 0.5220 0.3954 3.9266 0.0213 81.5831 1.3666 755.4698 0.1390 3.9266 0.0213 12
2021-09-30_10-52-00 150.7313 124.5348 0.0056 0.0192 4.0729 0.0599 82.1179 1.8010 755.4569 0.1445 4.0729 0.0599 12
2021-09-30_10-53-00 173.7724 29.6762 0.0056 0.0192 4.3705 0.1249 80.0948 1.2938 755.4209 0.1360 4.3705 0.1249 12
2021-09-30_10-54-00 191.4938 33.4631 0.9080 0.5265 4.6882 0.0504 81.7867 1.2879 755.4600 0.1461 4.4986 0.4646 12
2021-09-30_10-55-00 198.9740 154.1881 0.3804 0.5450 4.7934 0.0213 79.5560 0.4554 755.4342 0.1334 4.7934 0.0213 12
2021-09-30_10-56-00 205.7798 66.2295 0.0000 0.0000 4.9240 0.0263 79.2206 0.7534 755.4346 0.1238 4.9240 0.0263 12
2021-09-30_10-57-00 264.1303 36.1936 0.0833 0.1388 4.8573 0.0598 77.3217 0.4752 755.4627 0.1332 4.8573 0.0598 12
2021-09-30_10-58-00 306.1912 40.8368 0.0000 0.0000 4.7944 0.0409 77.5530 0.9829 755.4441 0.1120 4.7944 0.0409 12
2021-09-30_10-59-00 259.2240 89.9628 0.0611 0.1536 5.0222 0.0917 79.6113 0.3124 755.4341 0.1552 5.0222 0.0917 12
2021-09-30_11-00-00 222.3958 158.9788 0.5692 0.5518 5.1921 0.0219 77.6635 0.4150 755.4504 0.1440 5.0260 0.3871 12
2021-09-30_11-01-00 271.2578 116.6059 0.6164 0.5235 5.2182 0.0319 76.8098 0.8809 755.4653 0.1221 5.1263 0.3140 12
2021-09-30_11-02-00 248.0839 149.6114 0.3832 0.3238 5.2780 0.0257 74.4054 0.9706 755.4239 0.1444 5.2780 0.0257 12
2021-09-30_11-03-00 259.0173 105.3155 0.0389 0.0951 5.3512 0.0588 73.4112 0.4152 755.4372 0.1301 5.3513 0.0588 12
2021-09-30_11-04-00 222.9302 150.7626 0.4748 0.5803 5.5170 0.0232 73.7322 0.4998 755.4433 0.1287 5.3720 0.3426 12
2021-09-30_11-05-00 264.8621 64.0494 0.5081 0.8645 5.3604 0.0540 72.1578 0.7006 755.4025 0.1164 5.0041 0.6268 12
2021-09-30_11-06-00 251.4643 17.7453 0.6386 0.8592 5.2326 0.0431 74.0845 0.2948 755.4427 0.1190 4.8642 0.7375 12
2021-09-30_11-07-00 190.8409 33.8502 1.0773 0.8542 4.8698 0.1560 75.7190 0.9883 755.4289 0.1482 4.2251 0.6853 12
2021-09-30_11-08-00 123.6800 23.0603 0.2277 0.4376 4.6286 0.0122 78.9343 0.6096 755.4152 0.1271 4.5478 0.2847 12
2021-09-30_11-09-00 129.8295 143.2192 0.6803 0.8002 4.6647 0.0159 79.3593 0.4599 755.4283 0.1309 4.3013 0.6699 12
2021-09-30_11-10-00 283.9577 19.0939 1.2328 0.3865 4.5394 0.0656 76.4297 0.6828 755.4283 0.1310 4.0037 0.7267 12
2021-09-30_11-11-00 236.1119 14.9735 0.3221 0.4943 4.2678 0.0714 76.7309 0.3298 755.4280 0.1398 4.1768 0.2834 12
2021-09-30_11-12-00 252.6449 14.9146 0.0750 0.1682 4.1810 0.0139 78.7297 0.5099 755.4347 0.1473 4.1810 0.0139 12
2021-09-30_11-13-00 265.4321 10.4794 0.0361 0.0870 4.1932 0.0089 75.4026 1.5701 755.4684 0.0835 4.1933 0.0089 12
2021-09-30_11-14-00 183.7643 90.6316 0.0000 0.0000 4.2923 0.0573 74.7224 0.7190 755.4344 0.1205 4.2923 0.0573 12
2021-09-30_11-15-00 251.0127 140.9352 0.4637 0.6863 4.4034 0.0143 74.1624 0.8030 755.4141 0.1447 4.1171 0.5210 12
2021-09-30_11-16-00 297.0041 9.1015 1.1745 0.2010 4.4052 0.0137 76.9590 0.7609 755.4409 0.1190 4.2120 0.4557 12
2021-09-30_11-17-00 264.4438 20.0754 0.4026 0.3399 4.3661 0.0328 76.5861 0.4429 755.4679 0.1239 4.3661 0.0328 12
2021-09-30_11-18-00 250.9424 11.3722 0.0194 0.0673 4.3801 0.0371 77.7412 0.6676 755.4949 0.1677 4.3801 0.0371 12
2021-09-30_11-19-00 201.0911 33.6790 0.2527 0.3235 4.4553 0.0187 79.9842 1.3901 755.5084 0.1354 4.4553 0.0187 12
2021-09-30_11-20-00 181.8781 142.5605 0.4498 0.5850 4.5162 0.0173 77.2238 1.0932 755.4745 0.1300 4.3949 0.4248 12
2021-09-30_11-21-00 65.7004 21.7957 0.3776 0.3408 4.5220 0.0160 77.1478 1.7266 755.4677 0.1419 4.5220 0.0160 12
2021-09-30_11-22-00 217.4441 106.7460 0.2249 0.3650 4.5507 0.0216 78.9545 0.3560 755.4812 0.1481 4.5507 0.0216 12
