Date, Time, mean WD (deg), sd WD (deg), mean WS (m.s), sd WS (m.s), mean T (C), sd T (C), mean RH (perc), sd RH (perc), mean P (mmHg), sd P (mmHg), mean WC (C), sd WC (C)
2021-12-24_00-01-00 196.3525 51.1430 0.0232 0.0554 -2.4971 0.0117 65.4691 0.0520 742.3317 0.1253 -2.4971 0.0117 23
2021-12-24_00-02-00 210.8597 88.8133 0.0583 0.0818 -2.5613 0.0156 65.6336 0.0621 742.3529 0.1659 -2.5613 0.0156 12
2021-12-24_00-03-00 208.3274 52.4469 0.0056 0.0130 -2.5890 0.0262 65.6957 0.0150 742.3461 0.1315 -2.5890 0.0262 12
2021-12-24_00-04-00 226.6475 51.2562 0.0555 0.0385 -2.6447 0.0078 65.8943 0.0920 742.2717 0.1247 -2.6447 0.0078 12
2021-12-24_00-05-00 233.7283 31.7050 0.0194 0.0300 -2.6663 0.0120 66.0120 0.0886 742.2041 0.1501 -2.6663 0.0120 12
2021-12-24_00-06-00 249.3060 52.0435 0.1583 0.1311 -2.6460 0.0263 66.1143 0.0701 742.0081 0.1552 -2.6460 0.0263 12
2021-12-24_00-07-00 208.5674 128.9098 0.1416 0.0793 -2.5748 0.0236 66.3446 0.1197 741.9066 0.1362 -2.5748 0.0236 12
2021-12-24_00-08-00 239.7349 64.2816 0.0666 0.0603 -2.4772 0.0225 65.9827 0.2456 742.1974 0.1486 -2.4772 0.0225 12
2021-12-24_00-09-00 166.3847 60.8833 0.0500 0.0627 -2.4718 0.0124 65.5395 0.0498 742.1974 0.1676 -2.4718 0.0124 12
2021-12-24_00-10-00 190.0694 64.8851 0.1055 0.1376 -2.4843 0.0039 65.4937 0.0243 742.0757 0.1603 -2.4843 0.0039 12
2021-12-24_00-11-00 194.8099 107.0451 0.0417 0.0495 -2.5188 0.0449 65.6117 0.1145 742.1027 0.1878 -2.5188 0.0449 12
2021-12-24_00-12-00 129.4825 55.2093 0.0639 0.0501 -2.6248 0.0161 65.9099 0.0936 742.1771 0.1724 -2.6248 0.0161 12
2021-12-24_00-13-00 134.6971 27.5697 0.0194 0.0300 -2.5956 0.0149 65.9412 0.0793 742.1703 0.1300 -2.5956 0.0149 12
2021-12-24_00-14-00 121.6537 27.2153 0.0000 0.0000 -2.6375 0.0247 66.1203 0.1409 742.2379 0.1486 -2.6375 0.0247 12
2021-12-24_00-15-00 164.5645 23.7125 0.0083 0.0151 -2.6463 0.0072 66.3063 0.0579 742.2244 0.1526 -2.6463 0.0072 12
2021-12-24_00-16-00 149.2168 33.8592 0.0639 0.0822 -2.6715 0.0102 66.1403 0.0279 741.9878 0.2061 -2.6715 0.0102 12
2021-12-24_00-17-00 170.7992 72.9726 0.0694 0.0459 -2.7991 0.0709 66.4855 0.3176 741.7647 0.2136 -2.7991 0.0709 12
2021-12-24_00-18-00 185.5108 101.6987 0.0389 0.0343 -2.8995 0.0087 67.2639 0.1625 741.8255 0.2119 -2.8995 0.0087 12
2021-12-24_00-19-00 184.1187 74.5382 0.1138 0.1176 -2.7501 0.0983 67.5488 0.2220 742.0081 0.2350 -2.7501 0.0983 12
2021-12-24_00-20-00 198.8163 34.1492 0.0305 0.0521 -2.6305 0.0087 66.5102 0.1914 742.1027 0.1746 -2.6305 0.0087 12
2021-12-24_00-21-00 244.4295 56.2277 0.1138 0.0758 -2.5966 0.0253 66.5234 0.0926 742.0081 0.1205 -2.5966 0.0253 12
2021-12-24_00-22-00 234.7884 67.5604 0.1166 0.1396 -2.5697 0.0111 66.3252 0.0659 742.0081 0.1699 -2.5697 0.0111 12
2021-12-24_00-23-00 204.1129 55.2066 0.0583 0.0621 -2.6140 0.0178 66.3471 0.0688 742.0081 0.1590 -2.6140 0.0178 12
2021-12-24_00-24-00 216.0523 49.0322 0.0194 0.0332 -2.6129 0.0075 66.6785 0.0547 742.0013 0.1481 -2.6129 0.0075 12
2021-12-24_00-25-00 218.8046 94.5337 0.0916 0.0698 -2.6218 0.0118 66.6285 0.0374 741.8864 0.2727 -2.6218 0.0118 12
2021-12-24_00-26-00 213.6540 86.2018 0.0722 0.0839 -2.6153 0.0084 66.7702 0.0904 741.8390 0.1635 -2.6153 0.0084 12
2021-12-24_00-27-00 233.7743 85.8766 0.0833 0.0674 -2.6000 0.0155 66.9648 0.0376 741.8323 0.1813 -2.6000 0.0155 12
2021-12-24_00-28-00 247.0658 102.7094 0.0972 0.0744 -2.5036 0.0300 66.8051 0.1499 742.0283 0.1623 -2.5036 0.0300 12
2021-12-24_00-29-00 175.2537 57.9665 0.0222 0.0328 -2.4410 0.0109 66.2598 0.1588 741.9878 0.1362 -2.4410 0.0109 12
2021-12-24_00-30-00 186.2409 64.3236 0.0666 0.0738 -2.4368 0.0090 65.9499 0.0387 741.9066 0.1405 -2.4368 0.0090 12
2021-12-24_00-31-00 292.9889 35.2298 0.1222 0.0808 -2.5120 0.0439 65.8769 0.0367 741.8052 0.1389 -2.5120 0.0439 12
2021-12-24_00-32-00 202.2267 25.2877 0.0222 0.0328 -2.5872 0.0051 66.2853 0.1971 742.1298 0.1432 -2.5872 0.0051 12
2021-12-24_00-33-00 200.9326 30.8490 0.0389 0.0776 -2.5647 0.0161 66.6652 0.0490 742.0419 0.1653 -2.5647 0.0161 12
2021-12-24_00-34-00 219.7507 74.4733 0.1027 0.0999 -2.5388 0.0090 66.4403 0.0343 741.9269 0.1389 -2.5388 0.0090 12
2021-12-24_00-35-00 173.0074 52.1452 0.0639 0.0926 -2.5438 0.0090 66.4369 0.0366 741.9337 0.1758 -2.5438 0.0090 12
2021-12-24_00-36-00 152.6932 42.2041 0.0472 0.0459 -2.5455 0.0196 66.3808 0.0160 741.9202 0.1841 -2.5455 0.0196 12
2021-12-24_00-37-00 224.1812 60.6327 0.0639 0.0594 -2.5958 0.0091 66.4826 0.0451 741.9742 0.1707 -2.5958 0.0091 12
2021-12-24_00-38-00 199.8525 23.3567 0.1111 0.1559 -2.6136 0.0097 66.5592 0.0217 741.8661 0.1295 -2.6136 0.0097 12
2021-12-24_00-39-00 207.8694 87.8672 0.1388 0.1042 -2.5855 0.0097 66.4431 0.0344 741.6835 0.1253 -2.5855 0.0097 12
2021-12-24_00-40-00 206.4032 78.5854 0.1499 0.1381 -2.5114 0.0549 66.4028 0.1061 741.6700 0.1846 -2.5114 0.0549 12
2021-12-24_00-41-00 277.0471 48.5260 0.2194 0.1298 -2.2877 0.0437 65.7135 0.2483 741.7038 0.1340 -2.2877 0.0437 12
2021-12-24_00-42-00 227.1835 117.6557 0.2305 0.1991 -2.2354 0.0267 65.2717 0.0708 741.7647 0.1513 -2.2354 0.0267 12
2021-12-24_00-43-00 172.7654 59.8250 0.0750 0.0683 -2.2278 0.0168 65.1921 0.0206 741.7038 0.1623 -2.2278 0.0168 12
2021-12-24_00-44-00 240.7931 89.4299 0.1388 0.1369 -2.2447 0.0082 65.1686 0.0487 741.6903 0.1921 -2.2447 0.0082 12
2021-12-24_00-45-00 209.2955 110.5561 0.1722 0.1293 -2.2665 0.0142 65.2792 0.0577 741.6159 0.1360 -2.2665 0.0142 12
2021-12-24_00-46-00 287.3283 27.6438 0.2277 0.1475 -2.2715 0.0087 65.4142 0.0276 741.6362 0.1579 -2.2715 0.0087 12
2021-12-24_00-47-00 245.8176 56.5676 0.0972 0.1226 -2.2984 0.0197 65.3961 0.0909 741.7579 0.1635 -2.2984 0.0197 12
2021-12-24_00-48-00 168.2749 74.9351 0.0472 0.0521 -2.3333 0.0103 65.3242 0.0313 741.7849 0.1426 -2.3333 0.0103 12
2021-12-24_00-49-00 222.9691 58.3680 0.0805 0.1366 -2.3402 0.0127 65.3921 0.0745 741.8390 0.1215 -2.3402 0.0127 12
2021-12-24_00-50-00 239.2909 90.8506 0.1638 0.1048 -2.3858 0.0093 65.5562 0.1226 741.6970 0.1565 -2.3858 0.0093 12
2021-12-24_00-51-00 230.2819 44.3707 0.0500 0.0643 -2.3521 0.0120 65.4890 0.0915 741.8728 0.1780 -2.3521 0.0120 12
2021-12-24_00-52-00 153.2432 37.9266 0.0083 0.0151 -2.3578 0.0229 65.2392 0.0636 741.8864 0.1552 -2.3578 0.0229 12
2021-12-24_00-53-00 244.9435 44.0422 0.1277 0.1071 -2.3922 0.0084 65.3733 0.0809 741.6632 0.1847 -2.3922 0.0084 12
2021-12-24_00-54-00 206.1152 29.3442 0.0028 0.0096 -2.4291 0.0354 65.3797 0.0352 741.8593 0.1119 -2.4291 0.0354 12
2021-12-24_00-55-00 202.2067 41.3639 0.0333 0.0402 -2.5166 0.0121 65.7146 0.1426 741.9404 0.1746 -2.5166 0.0121 12
2021-12-24_00-56-00 187.6091 30.3260 0.0222 0.0296 -2.5079 0.0095 65.9453 0.0191 741.8796 0.1653 -2.5079 0.0095 12
2021-12-24_00-57-00 237.9327 78.0730 0.1055 0.1469 -2.4923 0.0136 65.8709 0.0337 741.7917 0.1909 -2.4923 0.0136 12
2021-12-24_00-58-00 252.4504 54.2306 0.1055 0.1135 -2.4067 0.0294 65.5978 0.1687 741.8458 0.1345 -2.4067 0.0294 12
2021-12-24_00-59-00 178.6221 44.4953 0.0194 0.0388 -2.4368 0.0221 65.3216 0.0542 741.8728 0.1221 -2.4368 0.0221 12
2021-12-24_01-00-00 232.4641 57.4151 0.0916 0.1349 -2.4242 0.0106 65.4019 0.0806 741.8728 0.1486 -2.4242 0.0106 12
2021-12-24_01-01-00 112.3826 68.3831 0.0389 0.0722 -2.3859 0.0041 65.1362 0.0311 741.9202 0.1215 -2.3859 0.0041 12
2021-12-24_01-02-00 140.9058 45.9701 0.0222 0.0259 -2.4103 0.0105 65.1377 0.0136 741.9540 0.1119 -2.4103 0.0105 12
2021-12-24_01-03-00 212.8119 80.6068 0.0528 0.0481 -2.4063 0.0146 65.1038 0.1042 741.9134 0.1316 -2.4063 0.0146 12
2021-12-24_01-04-00 187.9671 65.7557 0.0222 0.0217 -2.3660 0.0085 64.8312 0.0573 741.9607 0.1239 -2.3660 0.0085 12
2021-12-24_01-05-00 203.1348 62.2211 0.0250 0.0322 -2.3883 0.0059 64.8136 0.0247 741.9472 0.1248 -2.3883 0.0059 12
2021-12-24_01-06-00 237.9547 72.1360 0.1055 0.1549 -2.3881 0.0117 64.7940 0.0816 741.8593 0.1940 -2.3881 0.0117 12
2021-12-24_01-07-00 230.4579 91.6081 0.0694 0.0610 -2.3752 0.0100 64.5579 0.0557 741.8187 0.1676 -2.3752 0.0100 12
2021-12-24_01-08-00 185.3768 26.1195 0.0111 0.0217 -2.4156 0.0194 64.5775 0.0961 741.8796 0.1239 -2.4156 0.0194 12
2021-12-24_01-09-00 171.8033 69.7063 0.0278 0.0312 -2.4668 0.0156 64.7828 0.0402 741.8255 0.1405 -2.4668 0.0156 12
2021-12-24_01-10-00 141.4779 70.8972 0.0750 0.0571 -2.5388 0.0164 64.9464 0.0291 741.8323 0.1446 -2.5388 0.0164 12
2021-12-24_01-11-00 100.5673 28.7953 0.0111 0.0296 -2.6183 0.0341 64.9939 0.0518 741.9472 0.1468 -2.6183 0.0341 12
2021-12-24_01-12-00 204.8410 39.6887 0.0611 0.1170 -2.6621 0.0239 65.2659 0.0753 741.9134 0.1846 -2.6621 0.0239 12
2021-12-24_01-13-00 153.8273 56.4147 0.0194 0.0223 -2.6689 0.0154 65.3037 0.1307 741.8931 0.1440 -2.6689 0.0154 12
2021-12-24_01-14-00 204.4990 50.2775 0.0333 0.0318 -2.6524 0.0142 65.4721 0.0491 741.8390 0.1560 -2.6524 0.0142 12
2021-12-24_01-15-00 212.2979 29.8492 0.0111 0.0217 -2.6153 0.0094 65.1962 0.0736 741.9607 0.1333 -2.6153 0.0094 12
2021-12-24_01-16-00 229.3498 71.5479 0.0639 0.0784 -2.6098 0.0026 64.9918 0.0477 741.9066 0.1528 -2.6098 0.0026 12
2021-12-24_01-17-00 262.1015 70.8274 0.1111 0.1281 -2.6143 0.0097 64.9515 0.0307 741.7714 0.1724 -2.6143 0.0097 12
2021-12-24_01-18-00 229.4478 64.6719 0.0500 0.0785 -2.5488 0.0183 64.7382 0.0883 741.8120 0.1440 -2.5488 0.0183 12
2021-12-24_01-19-00 157.9578 50.7920 0.0305 0.0437 -2.5763 0.0119 64.5555 0.0936 741.7714 0.1287 -2.5763 0.0119 12
2021-12-24_01-20-00 234.8304 39.4317 0.0611 0.1033 -2.6087 0.0095 64.7958 0.0370 741.8525 0.1579 -2.6087 0.0095 12
2021-12-24_01-21-00 239.6969 60.3906 0.0194 0.0264 -2.6902 0.0337 64.8450 0.0714 741.8593 0.1565 -2.6902 0.0337 12
2021-12-24_01-22-00 158.2418 55.7118 0.0333 0.0449 -2.7418 0.0188 65.1545 0.0825 741.7849 0.1987 -2.7418 0.0188 12
2021-12-24_01-23-00 195.1939 48.7905 0.0389 0.0528 -2.6966 0.0109 65.1403 0.0581 741.7038 0.1247 -2.6966 0.0109 12
2021-12-24_01-24-00 198.4063 44.8047 0.0416 0.0637 -2.6872 0.0091 64.9515 0.0791 741.7308 0.1057 -2.6872 0.0091 12
2021-12-24_01-25-00 241.6772 47.1380 0.1194 0.1105 -2.7008 0.0110 64.9866 0.0808 741.7376 0.1603 -2.7008 0.0110 12
2021-12-24_01-26-00 223.5191 72.7178 0.0916 0.1248 -2.6732 0.0083 65.0261 0.0534 741.7241 0.1154 -2.6732 0.0083 12
2021-12-24_01-27-00 235.5625 57.4199 0.0805 0.0858 -2.6289 0.0130 64.9111 0.1012 741.6768 0.1560 -2.6289 0.0130 12
2021-12-24_01-28-00 175.1077 37.9993 0.0444 0.0259 -2.6144 0.0075 64.7331 0.0245 741.6429 0.1513 -2.6144 0.0075 12
2021-12-24_01-29-00 238.1868 43.3166 0.1055 0.1117 -2.5872 0.0090 64.6642 0.0713 741.5348 0.1221 -2.5872 0.0090 12
2021-12-24_01-30-00 206.1012 69.7441 0.0805 0.1009 -2.5942 0.0160 64.5057 0.0362 741.5212 0.1734 -2.5942 0.0160 12
2021-12-24_01-31-00 212.6459 44.9216 0.0472 0.0627 -2.6851 0.0403 64.6031 0.0364 741.6024 0.1432 -2.6851 0.0403 12
2021-12-24_01-32-00 258.9691 40.3951 0.0278 0.0398 -2.7832 0.0319 64.8928 0.0910 741.6362 0.1332 -2.7832 0.0319 12
2021-12-24_01-33-00 287.0062 41.5708 0.2443 0.1192 -2.8295 0.0338 65.4118 0.1344 741.4401 0.1961 -2.8295 0.0338 12
2021-12-24_01-34-00 294.4351 38.6533 0.2138 0.0947 -2.6731 0.0359 65.2002 0.1912 741.5010 0.1271 -2.6731 0.0359 12
2021-12-24_01-35-00 231.7680 94.1274 0.1361 0.1329 -2.6364 0.0136 64.8318 0.0443 741.4536 0.1746 -2.6364 0.0136 12
2021-12-24_01-36-00 271.3065 40.3222 0.1610 0.1285 -2.6295 0.0251 64.7895 0.1100 741.3995 0.1899 -2.6295 0.0251 12
2021-12-24_01-37-00 239.2929 43.3461 0.0694 0.0958 -2.6732 0.0502 64.5220 0.0857 741.5010 0.1781 -2.6732 0.0502 12
2021-12-24_01-38-00 280.5555 36.6702 0.1555 0.1157 -2.8052 0.0269 65.0077 0.1856 741.3995 0.1552 -2.8052 0.0269 12
2021-12-24_01-39-00 271.5945 94.3319 0.1694 0.1149 -2.7436 0.0261 65.2074 0.1543 741.3793 0.1623 -2.7436 0.0261 12
2021-12-24_01-40-00 168.2609 43.3927 0.0194 0.0223 -2.6981 0.0207 64.7358 0.1069 741.5348 0.1676 -2.6981 0.0207 12
2021-12-24_01-41-00 229.8178 73.4454 0.1000 0.0995 -2.7715 0.0177 64.9357 0.1008 741.3387 0.1712 -2.7715 0.0177 12
2021-12-24_01-42-00 323.0503 30.9602 0.2499 0.1329 -2.7173 0.0611 65.3567 0.0717 741.2305 0.1239 -2.7173 0.0611 12
2021-12-24_01-43-00 252.2203 53.1957 0.1333 0.0710 -2.5480 0.0204 64.8401 0.2334 741.2373 0.2021 -2.5480 0.0204 12
2021-12-24_01-44-00 238.0607 126.6989 0.2582 0.1240 -2.6096 0.0089 64.6283 0.0624 741.0615 0.1846 -2.6096 0.0089 12
2021-12-24_01-45-00 237.3407 101.7250 0.1083 0.0900 -2.6448 0.0153 64.8883 0.0826 741.2305 0.1419 -2.6448 0.0153 12
2021-12-24_01-46-00 276.1450 89.9812 0.2277 0.1391 -2.6732 0.0069 64.9885 0.0122 741.2170 0.1895 -2.6733 0.0069 12
2021-12-24_01-47-00 258.1970 78.1511 0.2166 0.1020 -2.6007 0.0410 65.1483 0.0640 741.2711 0.2251 -2.6007 0.0410 12
2021-12-24_01-48-00 172.2934 28.2663 0.0361 0.0758 -2.5277 0.0208 64.5922 0.2424 741.4401 0.1734 -2.5277 0.0208 12
2021-12-24_01-49-00 256.5008 42.7904 0.1250 0.0805 -2.6325 0.0355 64.5747 0.2197 741.3116 0.1724 -2.6325 0.0355 12
2021-12-24_01-50-00 196.3081 31.8458 0.0250 0.0405 -2.6931 0.0134 65.0308 0.0613 741.4131 0.1404 -2.6931 0.0134 12
2021-12-24_01-51-00 247.8779 54.6655 0.0972 0.1167 -2.6904 0.0188 65.2703 0.0713 741.3995 0.1590 -2.6904 0.0188 12
2021-12-24_01-52-00 212.0378 49.6237 0.0555 0.0625 -2.6759 0.0113 65.1370 0.0262 741.4198 0.1847 -2.6759 0.0113 12
2021-12-24_01-53-00 260.4133 110.8109 0.1610 0.1042 -2.6873 0.0101 65.2019 0.0539 741.3590 0.2136 -2.6873 0.0101 12
2021-12-24_01-54-00 259.0931 53.9593 0.0972 0.1039 -2.6283 0.0185 65.2670 0.1168 741.4874 0.1775 -2.6283 0.0185 12
2021-12-24_01-55-00 182.8766 54.6738 0.0083 0.0207 -2.6360 0.0242 64.9867 0.0876 741.5212 0.1154 -2.6360 0.0242 12
2021-12-24_01-56-00 188.6732 83.6310 0.0777 0.1104 -2.6784 0.0083 65.4252 0.1408 741.4536 0.1360 -2.6784 0.0083 12
2021-12-24_01-57-00 245.5416 79.7213 0.1916 0.1092 -2.6742 0.0138 65.4124 0.0404 741.3319 0.1813 -2.6742 0.0138 12
2021-12-24_01-58-00 191.8716 50.7967 0.0694 0.0610 -2.6653 0.0136 65.2333 0.0660 741.5618 0.0986 -2.6653 0.0136 12
2021-12-24_01-59-00 160.6341 48.7597 0.0389 0.0468 -2.7117 0.0164 65.4108 0.0855 741.5212 0.1346 -2.7117 0.0164 12
2021-12-24_02-00-00 204.1269 34.6910 0.0028 0.0096 -2.7308 0.0051 65.6227 0.1028 741.6294 0.1676 -2.7308 0.0051 12
2021-12-24_02-01-00 224.8653 59.6961 0.1027 0.1077 -2.6798 0.0357 65.7975 0.0902 741.5348 0.1813 -2.6798 0.0357 12
2021-12-24_02-02-00 173.1415 104.1631 0.0805 0.0937 -2.6380 0.0095 65.6142 0.0609 741.4469 0.1541 -2.6380 0.0095 12
2021-12-24_02-03-00 162.2322 88.1257 0.0444 0.0538 -2.6081 0.0032 65.6699 0.0639 741.4807 0.1552 -2.6081 0.0032 12
2021-12-24_02-04-00 235.1864 60.0128 0.0333 0.0348 -2.6332 0.0164 65.5231 0.0743 741.5551 0.1139 -2.6332 0.0164 12
2021-12-24_02-05-00 161.0501 43.7068 0.0500 0.0611 -2.6912 0.0262 65.7417 0.0463 741.4333 0.1707 -2.6912 0.0262 12
2021-12-24_02-06-00 281.4156 42.3963 0.1610 0.0885 -2.7022 0.0274 65.8114 0.0371 741.3590 0.1768 -2.7022 0.0274 12
2021-12-24_02-07-00 207.7373 90.4390 0.0833 0.1029 -2.6380 0.0113 65.6979 0.0642 741.4604 0.1695 -2.6380 0.0113 12
2021-12-24_02-08-00 194.5379 19.2791 0.0305 0.0501 -2.6638 0.0131 65.6967 0.0884 741.4807 0.1513 -2.6638 0.0131 12
2021-12-24_02-09-00 191.1115 33.2557 0.0417 0.0405 -2.7040 0.0263 65.8952 0.0901 741.4266 0.1746 -2.7040 0.0263 12
2021-12-24_02-10-00 202.5668 83.9791 0.1250 0.1155 -2.7155 0.0462 66.3347 0.2238 741.3116 0.2342 -2.7155 0.0462 12
2021-12-24_02-11-00 253.6245 46.3134 0.0833 0.0758 -2.5689 0.0185 66.1478 0.2082 741.4671 0.1846 -2.5689 0.0185 12
2021-12-24_02-12-00 185.4328 62.4263 0.0222 0.0296 -2.6368 0.0336 65.7747 0.1510 741.5618 0.1664 -2.6368 0.0336 12
2021-12-24_02-13-00 197.5522 81.6079 0.0389 0.0422 -2.7182 0.0291 66.0716 0.1758 741.5145 0.1398 -2.7182 0.0291 12
2021-12-24_02-14-00 190.4534 53.4204 0.0194 0.0300 -2.7083 0.0199 66.4072 0.0723 741.5618 0.1205 -2.7083 0.0199 12
2021-12-24_02-15-00 199.4244 70.2469 0.0777 0.1249 -2.6847 0.0138 66.2517 0.1218 741.5550 0.1921 -2.6847 0.0138 12
2021-12-24_02-16-00 184.8488 61.1316 0.0111 0.0296 -2.6447 0.0089 66.2632 0.0679 741.6091 0.1858 -2.6447 0.0089 12
2021-12-24_02-17-00 213.7040 61.5395 0.0583 0.0429 -2.6305 0.0087 66.2838 0.0334 741.5686 0.1310 -2.6305 0.0087 12
2021-12-24_02-18-00 238.8468 89.3765 0.1416 0.1198 -2.6088 0.0085 66.2421 0.0506 741.4063 0.1521 -2.6088 0.0085 12
2021-12-24_02-19-00 198.0262 91.1729 0.0666 0.0804 -2.5353 0.0258 66.1393 0.1336 741.4604 0.1508 -2.5353 0.0258 12
2021-12-24_02-20-00 162.1962 39.1540 0.0361 0.0559 -2.5463 0.0217 65.9039 0.0342 741.5077 0.1487 -2.5463 0.0217 12
2021-12-24_02-21-00 264.3817 91.5004 0.1749 0.0842 -2.6502 0.0241 66.1027 0.2611 741.4333 0.1671 -2.6502 0.0241 12
2021-12-24_02-22-00 246.0337 34.8915 0.1111 0.1085 -2.6261 0.0273 66.4723 0.1851 741.4807 0.1552 -2.6261 0.0273 12
2021-12-24_02-23-00 220.8628 34.3342 0.0305 0.0870 -2.6136 0.0063 66.0827 0.0438 741.6227 0.1863 -2.6136 0.0063 12
2021-12-24_02-24-00 245.3876 54.2720 0.1194 0.1336 -2.6305 0.0097 66.1761 0.0501 741.5821 0.1712 -2.6305 0.0097 12
2021-12-24_02-25-00 188.0011 22.8632 0.0028 0.0096 -2.6705 0.0183 66.2102 0.0366 741.6294 0.1269 -2.6705 0.0183 12
2021-12-24_02-26-00 170.8752 23.2061 0.0056 0.0130 -2.7058 0.0175 66.4986 0.0936 741.6227 0.1198 -2.7058 0.0175 12
2021-12-24_02-27-00 228.8797 78.1804 0.1027 0.0731 -2.6972 0.0158 66.4459 0.0807 741.5348 0.1486 -2.6973 0.0158 12
2021-12-24_02-28-00 199.0784 30.9979 0.0194 0.0300 -2.7067 0.0078 66.5383 0.0261 741.6768 0.1310 -2.7067 0.0078 12
2021-12-24_02-29-00 213.8840 30.2013 0.0222 0.0457 -2.6932 0.0092 66.4460 0.1109 741.7376 0.1446 -2.6932 0.0092 12
2021-12-24_02-30-00 207.9954 15.1066 0.0167 0.0266 -2.7317 0.0111 66.4485 0.1369 741.7579 0.1598 -2.7317 0.0111 12
2021-12-24_02-31-00 224.1212 42.6029 0.0194 0.0388 -2.6801 0.0135 66.4327 0.1701 741.7579 0.1481 -2.6801 0.0135 12
2021-12-24_02-32-00 179.4222 96.3804 0.0389 0.0862 -2.7192 0.0138 66.3610 0.1087 741.7714 0.2012 -2.7192 0.0138 12
2021-12-24_02-33-00 245.8696 57.8658 0.0944 0.1204 -2.6930 0.0159 66.4465 0.0651 741.7646 0.1734 -2.6930 0.0159 12
2021-12-24_02-34-00 229.8978 57.7596 0.0611 0.1052 -2.6948 0.0166 66.4002 0.0550 741.7308 0.1842 -2.6948 0.0166 12
2021-12-24_02-35-00 205.4191 34.0996 0.0278 0.0489 -2.7275 0.0075 66.5473 0.0488 741.7241 0.1835 -2.7275 0.0075 12
2021-12-24_02-36-00 274.2168 56.2163 0.1694 0.0968 -2.7005 0.0256 66.7272 0.0977 741.6768 0.1635 -2.7005 0.0256 12
2021-12-24_02-37-00 260.7833 30.9655 0.1083 0.1006 -2.6449 0.0176 66.4917 0.1840 741.7308 0.1440 -2.6449 0.0176 12
2021-12-24_02-38-00 198.3623 39.5069 0.0167 0.0333 -2.7132 0.0280 66.3533 0.0395 741.7444 0.0947 -2.7132 0.0280 12
2021-12-24_02-39-00 225.3993 68.2638 0.0528 0.0968 -2.8168 0.0321 66.6303 0.1317 741.6497 0.1635 -2.8168 0.0321 12
2021-12-24_02-40-00 215.4682 57.1619 0.0583 0.0637 -2.8336 0.0125 67.0811 0.0445 741.6024 0.1473 -2.8336 0.0125 12
2021-12-24_02-41-00 267.8761 56.6245 0.2083 0.1864 -2.7639 0.0683 67.2461 0.1557 741.5956 0.1521 -2.7639 0.0683 12
2021-12-24_02-42-00 314.3713 27.4527 0.1416 0.1045 -2.5781 0.0206 66.8411 0.2204 741.6362 0.1653 -2.5781 0.0206 12
2021-12-24_02-43-00 218.0025 116.0599 0.1194 0.0989 -2.6030 0.0258 66.4333 0.0685 741.5956 0.1215 -2.6030 0.0258 12
2021-12-24_02-44-00 217.1744 57.7717 0.0694 0.0881 -2.7112 0.0385 66.4408 0.1164 741.7038 0.1468 -2.7113 0.0385 12
2021-12-24_02-45-00 201.7507 49.0218 0.0583 0.0780 -2.7612 0.0095 66.8256 0.0512 741.7376 0.1360 -2.7612 0.0095 12
2021-12-24_02-46-00 234.4703 79.9586 0.0694 0.0846 -2.7621 0.0163 66.8700 0.0118 741.6767 0.1481 -2.7621 0.0163 12
2021-12-24_02-47-00 193.1857 27.1823 0.0278 0.0343 -2.7909 0.0071 67.0046 0.0441 741.7173 0.1139 -2.7909 0.0071 12
2021-12-24_02-48-00 174.5256 61.9578 0.0389 0.0468 -2.8077 0.0099 67.1108 0.0390 741.6227 0.1468 -2.8077 0.0099 12
2021-12-24_02-49-00 274.4508 51.8730 0.1333 0.1073 -2.7853 0.0320 67.2493 0.0518 741.4942 0.1486 -2.7853 0.0320 12
2021-12-24_02-50-00 224.4352 51.2017 0.0777 0.0701 -2.7200 0.0113 67.0475 0.0706 741.5618 0.1961 -2.7200 0.0113 12
2021-12-24_02-51-00 190.2634 46.0562 0.0250 0.0495 -2.7427 0.0208 66.7785 0.0473 741.6429 0.0856 -2.7427 0.0208 12
2021-12-24_02-52-00 216.9104 51.3598 0.0111 0.0217 -2.7916 0.0121 66.9697 0.0480 741.5753 0.1446 -2.7916 0.0121 12
2021-12-24_02-53-00 163.9784 36.2360 0.0444 0.0410 -2.7969 0.0175 67.2081 0.0747 741.5415 0.1585 -2.7969 0.0175 12
2021-12-24_02-54-00 206.5652 69.1739 0.0472 0.0521 -2.7141 0.0266 67.1053 0.0824 741.5010 0.1567 -2.7141 0.0266 12
2021-12-24_02-55-00 181.8424 56.2155 0.0444 0.0478 -2.6707 0.0076 66.8311 0.0646 741.5280 0.1139 -2.6707 0.0076 12
2021-12-24_02-56-00 201.5266 48.9811 0.0639 0.0481 -2.7008 0.0110 66.8388 0.0352 741.4739 0.1617 -2.7008 0.0110 12
2021-12-24_02-57-00 248.5659 91.1733 0.2027 0.1480 -2.7017 0.0094 66.8453 0.0600 741.2846 0.1579 -2.7017 0.0094 12
2021-12-24_02-58-00 159.5079 78.8172 0.0417 0.0379 -2.7333 0.0178 66.7867 0.0569 741.4807 0.1473 -2.7333 0.0178 12
2021-12-24_02-59-00 233.4602 40.5158 0.0722 0.0962 -2.7743 0.0090 66.9018 0.0275 741.5077 0.1746 -2.7743 0.0090 12
2021-12-24_03-00-00 164.8745 37.0294 0.0111 0.0164 -2.8253 0.0223 67.0626 0.0980 741.5415 0.1038 -2.8252 0.0223 12
2021-12-24_03-01-00 174.0636 56.2546 0.0000 0.0000 -2.8424 0.0085 67.3501 0.0389 741.5686 0.1355 -2.8424 0.0085 12
2021-12-24_03-02-00 56.5043 37.2740 0.0250 0.0534 -2.8377 0.0065 67.2513 0.0653 741.5551 0.1333 -2.8377 0.0065 12
2021-12-24_03-03-00 169.1290 74.8862 0.1194 0.1123 -2.8563 0.0084 67.3288 0.2327 741.4131 0.1780 -2.8563 0.0084 12
2021-12-24_03-04-00 237.8327 69.1479 0.0861 0.0758 -2.8494 0.0055 67.6495 0.1313 741.4739 0.1541 -2.8494 0.0055 12
2021-12-24_03-05-00 208.1294 18.3938 0.0278 0.0343 -2.8736 0.0096 67.4179 0.0542 741.4469 0.1653 -2.8736 0.0096 12
2021-12-24_03-06-00 225.7034 65.1500 0.0805 0.0892 -2.9153 0.0137 67.4252 0.1541 741.3995 0.2164 -2.9153 0.0137 12
2021-12-24_03-07-00 253.8805 47.0332 0.1222 0.1047 -2.8802 0.0242 67.7211 0.0694 741.4469 0.1190 -2.8802 0.0242 12
2021-12-24_03-08-00 243.8054 46.7802 0.1027 0.0703 -2.8443 0.0134 67.4267 0.0725 741.4807 0.1346 -2.8443 0.0134 12
2021-12-24_03-09-00 244.2434 71.1310 0.0222 0.0296 -2.9095 0.0191 67.4072 0.0653 741.5145 0.1398 -2.9095 0.0191 12
2021-12-24_03-10-00 177.1559 34.7439 0.0194 0.0223 -2.9613 0.0083 67.6155 0.1892 741.5348 0.1360 -2.9613 0.0083 12
2021-12-24_03-11-00 193.9138 27.4861 0.0056 0.0192 -2.9341 0.0163 67.8055 0.0356 741.5348 0.1315 -2.9341 0.0163 12
2021-12-24_03-12-00 185.0688 25.1115 0.0056 0.0130 -2.9120 0.0074 67.5633 0.0751 741.5010 0.1972 -2.9120 0.0074 12
2021-12-24_03-13-00 197.0101 35.7405 0.0028 0.0096 -2.9467 0.0211 67.4431 0.0799 741.5348 0.1316 -2.9468 0.0211 12
2021-12-24_03-14-00 164.8385 42.6925 0.0139 0.0300 -2.9934 0.0122 67.7517 0.0606 741.4807 0.1432 -2.9934 0.0122 12
2021-12-24_03-15-00 232.7562 109.5492 0.1416 0.0698 -2.9923 0.0154 68.0271 0.0878 741.3860 0.1780 -2.9923 0.0154 12
2021-12-24_03-16-00 158.9859 84.5057 0.0305 0.0413 -2.9737 0.0105 67.8729 0.0692 741.4536 0.1603 -2.9737 0.0105 12
2021-12-24_03-17-00 215.1222 42.1881 0.0111 0.0164 -2.9985 0.0099 67.9137 0.0203 741.5550 0.1028 -2.9985 0.0099 12
2021-12-24_03-18-00 212.3699 51.0433 0.0056 0.0130 -2.9848 0.0083 67.9390 0.0546 741.4807 0.1699 -2.9848 0.0083 12
2021-12-24_03-19-00 134.5551 73.1243 0.0444 0.0656 -2.9817 0.0161 67.9403 0.0625 741.4333 0.1809 -2.9818 0.0161 12
2021-12-24_03-20-00 181.2644 48.4493 0.0389 0.0547 -2.8819 0.0323 67.7088 0.1183 741.4401 0.1734 -2.8819 0.0323 12
2021-12-24_03-21-00 154.0033 27.6553 0.0111 0.0164 -2.7933 0.0138 67.2131 0.2097 741.4874 0.1310 -2.7932 0.0138 12
2021-12-24_03-22-00 212.2359 92.5874 0.0750 0.0922 -2.8160 0.0189 67.0634 0.1785 741.3793 0.1730 -2.8160 0.0189 12
2021-12-24_03-23-00 275.7310 61.7806 0.1361 0.1086 -2.7892 0.0386 67.5847 0.0751 741.2711 0.1165 -2.7892 0.0386 12
2021-12-24_03-24-00 244.1154 124.2188 0.1805 0.1218 -2.6894 0.0449 67.2313 0.1751 741.2576 0.1641 -2.6894 0.0449 12
2021-12-24_03-25-00 261.3234 40.1742 0.1527 0.0822 -2.5555 0.0160 66.7867 0.2134 741.2981 0.1730 -2.5555 0.0160 12
2021-12-24_03-26-00 210.8577 85.6508 0.1055 0.1213 -2.5731 0.0229 66.4073 0.1051 741.2778 0.1590 -2.5731 0.0229 12
2021-12-24_03-27-00 288.1804 37.8632 0.1499 0.0797 -2.5948 0.0261 66.6463 0.0571 741.1899 0.1112 -2.5948 0.0261 12
2021-12-24_03-28-00 284.0439 92.7207 0.2388 0.1229 -2.5882 0.0144 66.4387 0.0504 741.1967 0.1473 -2.5882 0.0144 12
2021-12-24_03-29-00 234.3843 84.7700 0.1138 0.1572 -2.6248 0.0085 66.4705 0.1567 741.2237 0.1526 -2.6248 0.0085 12
2021-12-24_03-30-00 233.7523 53.9198 0.0833 0.1087 -2.6305 0.0106 66.0510 0.0372 741.2576 0.1528 -2.6305 0.0106 12
2021-12-24_03-31-00 180.3363 65.8137 0.0056 0.0130 -2.6423 0.0176 65.8455 0.0284 741.4063 0.1874 -2.6423 0.0176 12
2021-12-24_03-32-00 175.1577 61.4667 0.0111 0.0259 -2.6965 0.0118 65.9249 0.1009 741.2711 0.1671 -2.6965 0.0118 12
2021-12-24_03-33-00 267.5901 41.5012 0.1250 0.1045 -2.6536 0.0288 66.2023 0.0664 741.2237 0.1360 -2.6536 0.0288 12
2021-12-24_03-34-00 280.4435 39.6314 0.1388 0.0802 -2.5755 0.0087 65.9973 0.0641 741.2373 0.1699 -2.5755 0.0087 12
2021-12-24_03-35-00 276.5211 39.2753 0.2083 0.1223 -2.5916 0.0175 65.8682 0.0923 741.0885 0.1360 -2.5916 0.0175 12
2021-12-24_03-36-00 298.7816 22.2803 0.2249 0.0933 -2.5530 0.0215 65.9191 0.0667 740.9736 0.1340 -2.5530 0.0215 12
2021-12-24_03-37-00 294.8431 41.6787 0.1916 0.0830 -2.5915 0.0110 65.8227 0.1018 741.0277 0.0937 -2.5915 0.0110 12
2021-12-24_03-38-00 316.2955 22.9069 0.2721 0.1309 -2.5656 0.0340 65.7802 0.0943 741.0006 0.1310 -2.5656 0.0340 12
2021-12-24_03-39-00 269.5463 57.8435 0.2277 0.1455 -2.4511 0.0418 64.9804 0.5355 741.0277 0.1398 -2.4511 0.0418 12
2021-12-24_03-40-00 265.2918 59.7837 0.1027 0.0989 -2.2588 0.0317 63.4929 0.2636 741.0953 0.1447 -2.2588 0.0317 12
2021-12-24_03-41-00 324.4905 12.5345 0.3360 0.1218 -2.1914 0.0613 62.8799 0.1529 740.9060 0.1287 -2.1914 0.0613 12
2021-12-24_03-42-00 280.8876 33.1272 0.1555 0.1047 -2.0412 0.0194 62.0434 0.1027 741.0479 0.1813 -2.0412 0.0194 12
2021-12-24_03-43-00 300.6678 16.9509 0.2388 0.1062 -2.1373 0.0323 62.4662 0.3304 741.0074 0.1119 -2.1373 0.0323 12
2021-12-24_03-44-00 269.3383 60.2388 0.1499 0.1267 -2.2312 0.0203 63.1138 0.1626 741.0479 0.1676 -2.2312 0.0203 12
2021-12-24_03-45-00 312.4111 13.8916 0.3304 0.1176 -2.3077 0.0187 63.5629 0.1644 740.9330 0.1173 -2.3077 0.0187 12
2021-12-24_03-46-00 309.3788 18.6233 0.2055 0.1162 -2.1912 0.0391 62.7984 0.2327 740.9601 0.1377 -2.1912 0.0391 12
2021-12-24_03-47-00 318.2478 21.7749 0.2527 0.1336 -2.1969 0.0235 62.5721 0.3375 740.9465 0.1215 -2.1969 0.0235 12
2021-12-24_03-48-00 280.3675 85.4971 0.2610 0.1339 -2.2631 0.0152 63.1082 0.1458 740.8722 0.1768 -2.2631 0.0152 12
2021-12-24_03-49-00 308.4887 36.4777 0.1971 0.0658 -2.2589 0.0169 63.0653 0.0729 740.9939 0.1253 -2.2589 0.0169 12
2021-12-24_03-50-00 308.7507 38.9405 0.2332 0.0852 -2.2205 0.0322 62.5190 0.2006 741.0818 0.1215 -2.2205 0.0322 12
2021-12-24_03-51-00 265.9679 26.4290 0.0722 0.0962 -2.2488 0.0391 62.2979 0.2176 741.1561 0.1734 -2.2488 0.0391 12
2021-12-24_03-52-00 245.2536 40.0724 0.0722 0.0814 -2.3187 0.0121 62.3853 0.0753 741.1291 0.1403 -2.3187 0.0121 12
2021-12-24_03-53-00 261.1473 101.6874 0.1888 0.1358 -2.3664 0.0204 62.8479 0.3497 741.1561 0.1991 -2.3664 0.0204 12
2021-12-24_03-54-00 314.5654 22.3652 0.2166 0.1267 -2.3469 0.0231 63.2970 0.1813 741.0750 0.1432 -2.3469 0.0231 12
2021-12-24_03-55-00 290.3206 45.5987 0.1222 0.0913 -2.1886 0.0411 62.0960 0.3014 741.1156 0.1664 -2.1886 0.0411 12
2021-12-24_03-56-00 274.2728 40.2473 0.1250 0.0842 -2.1337 0.0094 61.4722 0.1286 741.1223 0.1758 -2.1337 0.0094 12
2021-12-24_03-57-00 290.0126 41.3864 0.1472 0.1039 -2.1562 0.0100 61.7011 0.2029 741.1494 0.1190 -2.1562 0.0100 12
2021-12-24_03-58-00 217.8605 51.0681 0.0361 0.0437 -2.2026 0.0206 61.7909 0.0478 741.2102 0.1171 -2.2026 0.0206 12
2021-12-24_03-59-00 150.7049 145.7502 0.1111 0.1122 -2.2715 0.0136 61.9237 0.1370 741.1832 0.1846 -2.2715 0.0136 12
2021-12-24_04-00-00 290.9807 49.9848 0.1194 0.0904 -2.2300 0.0154 61.9171 0.1105 741.1223 0.1332 -2.2300 0.0154 12
2021-12-24_04-01-00 191.2835 136.8216 0.1250 0.1450 -2.3028 0.0465 62.0486 0.2887 741.1358 0.1426 -2.3028 0.0465 12
2021-12-24_04-02-00 231.3960 130.5026 0.1388 0.0962 -2.4375 0.0380 63.2137 0.2981 741.0277 0.1215 -2.4375 0.0380 12
2021-12-24_04-03-00 311.7310 29.1041 0.1666 0.0738 -2.4844 0.0073 63.6909 0.0864 741.0412 0.1085 -2.4844 0.0073 12
2021-12-24_04-04-00 268.7862 32.0625 0.0889 0.0868 -2.4855 0.0161 63.2048 0.2828 741.1156 0.1513 -2.4855 0.0161 12
2021-12-24_04-05-00 284.6460 91.0334 0.1638 0.0846 -2.4435 0.0136 62.8135 0.1175 741.0480 0.1171 -2.4435 0.0136 12
2021-12-24_04-06-00 310.8209 29.2485 0.1805 0.1086 -2.3407 0.0354 62.5118 0.2205 741.0344 0.1254 -2.3407 0.0354 12
2021-12-24_04-07-00 220.5428 153.0630 0.2221 0.1085 -2.2915 0.0097 62.4969 0.0514 741.0006 0.0999 -2.2915 0.0097 12
2021-12-24_04-08-00 274.9049 67.6366 0.1916 0.1264 -2.2807 0.0065 62.6618 0.0884 740.9871 0.1333 -2.2807 0.0065 12
2021-12-24_04-09-00 298.5896 20.4132 0.1722 0.0850 -2.2915 0.0097 62.5922 0.0886 740.9533 0.1300 -2.2915 0.0097 12
2021-12-24_04-10-00 221.3309 161.3114 0.1999 0.0852 -2.2757 0.0159 62.5106 0.1534 741.0615 0.1360 -2.2757 0.0159 12
2021-12-24_04-11-00 300.5178 88.9837 0.1833 0.1259 -2.2707 0.0137 62.5058 0.0423 741.1223 0.1501 -2.2707 0.0137 12
2021-12-24_04-12-00 246.5177 114.5832 0.0972 0.0643 -2.3315 0.0282 62.6365 0.1966 741.0750 0.1101 -2.3315 0.0282 12
2021-12-24_04-13-00 305.9864 44.3750 0.1971 0.0915 -2.3973 0.0198 63.1259 0.1053 741.1156 0.1154 -2.3973 0.0198 12
2021-12-24_04-14-00 237.9367 143.8567 0.1416 0.0965 -2.4577 0.0127 63.2768 0.0757 741.0750 0.1389 -2.4577 0.0127 12
2021-12-24_04-15-00 269.9103 51.2520 0.0889 0.0902 -2.4410 0.0124 62.8769 0.2516 741.1358 0.1547 -2.4410 0.0124 12
2021-12-24_04-16-00 204.6470 80.9009 0.0555 0.0434 -2.4252 0.0029 62.3894 0.0587 741.2102 0.1526 -2.4252 0.0029 12
2021-12-24_04-17-00 185.8209 91.3425 0.0333 0.0512 -2.4493 0.0161 62.6020 0.0700 741.1696 0.1171 -2.4493 0.0161 12
2021-12-24_04-18-00 310.3669 34.3761 0.1610 0.0897 -2.4802 0.0090 62.9823 0.1322 741.0480 0.1360 -2.4802 0.0090 12
2021-12-24_04-19-00 291.2887 40.2673 0.1138 0.0784 -2.4116 0.0371 62.8960 0.1168 741.0480 0.1221 -2.4116 0.0371 12
2021-12-24_04-20-00 298.1355 34.0054 0.1499 0.0969 -2.3589 0.0275 62.5637 0.0992 741.0209 0.1119 -2.3589 0.0275 12
2021-12-24_04-21-00 294.8871 86.8051 0.0944 0.0664 -2.2940 0.0095 62.3387 0.0463 741.1020 0.1064 -2.2940 0.0095 12
2021-12-24_04-22-00 331.6853 17.8585 0.1083 0.0922 -2.2982 0.0090 62.3839 0.0303 741.0547 0.1147 -2.2982 0.0090 12
2021-12-24_04-23-00 289.0225 117.1707 0.1805 0.0989 -2.3314 0.0187 62.6202 0.0383 741.0277 0.1310 -2.3314 0.0187 12
2021-12-24_04-24-00 285.3561 59.8723 0.1361 0.0744 -2.3188 0.0286 62.4455 0.1797 741.0412 0.1420 -2.3188 0.0286 12
2021-12-24_04-25-00 315.7075 29.4964 0.1333 0.0651 -2.2129 0.0223 62.0552 0.0444 741.0479 0.1486 -2.2129 0.0223 12
2021-12-24_04-26-00 278.6893 40.2515 0.1000 0.0586 -2.2421 0.0087 61.8890 0.1872 741.0480 0.1171 -2.2421 0.0087 12
2021-12-24_04-27-00 294.2731 30.7666 0.1472 0.0937 -2.2503 0.0246 61.6711 0.0540 741.0209 0.1360 -2.2503 0.0246 12
2021-12-24_04-28-00 258.2850 47.8156 0.0639 0.0834 -2.2427 0.0261 61.3528 0.1472 741.0615 0.1221 -2.2427 0.0261 12
2021-12-24_04-29-00 314.1093 16.3571 0.1666 0.1025 -2.2640 0.0121 61.7505 0.1081 741.0750 0.1045 -2.2640 0.0121 12
2021-12-24_04-30-00 252.8704 87.2585 0.0722 0.0648 -2.3034 0.0206 62.0346 0.1244 741.1156 0.1253 -2.3034 0.0206 12
2021-12-24_04-31-00 235.5245 110.9534 0.0694 0.0771 -2.4193 0.0406 62.2418 0.3041 741.1494 0.1139 -2.4193 0.0406 12
2021-12-24_04-32-00 264.8298 54.3897 0.0750 0.0668 -2.4618 0.0124 62.4828 0.0490 741.1899 0.1560 -2.4618 0.0124 12
2021-12-24_04-33-00 261.6314 83.8151 0.0972 0.0744 -2.3974 0.0395 62.4252 0.0999 741.1629 0.1481 -2.3974 0.0395 12
2021-12-24_04-34-00 265.2618 95.2502 0.1416 0.1092 -2.3093 0.0172 62.3816 0.1488 741.1359 0.1247 -2.3093 0.0172 12
2021-12-24_04-35-00 261.9934 43.2861 0.0500 0.0541 -2.3663 0.0315 61.8654 0.2282 741.1967 0.1389 -2.3663 0.0315 12
2021-12-24_04-36-00 268.2081 56.2110 0.0889 0.0902 -2.4243 0.0039 62.4406 0.0520 741.1561 0.1253 -2.4243 0.0039 12
2021-12-24_04-37-00 221.5369 23.6721 0.0167 0.0389 -2.4018 0.0063 61.9796 0.2286 741.2508 0.1269 -2.4018 0.0063 12
2021-12-24_04-38-00 228.9257 72.1260 0.0250 0.0322 -2.4079 0.0116 61.9768 0.1838 741.2102 0.1171 -2.4079 0.0116 12
2021-12-24_04-39-00 228.3577 87.7527 0.0750 0.0429 -2.4200 0.0093 62.4423 0.0971 741.1899 0.1215 -2.4200 0.0093 12
2021-12-24_04-40-00 285.9981 44.8803 0.0528 0.0540 -2.4285 0.0062 62.4348 0.0298 741.1494 0.1758 -2.4285 0.0062 12
2021-12-24_04-41-00 182.6265 124.3880 0.0250 0.0379 -2.4627 0.0107 62.4161 0.1049 741.1561 0.1300 -2.4627 0.0107 12
2021-12-24_04-42-00 191.8316 59.0123 0.0028 0.0096 -2.4568 0.0108 62.1167 0.0419 741.2170 0.1547 -2.4568 0.0108 12
2021-12-24_04-43-00 221.0208 47.3119 0.0028 0.0096 -2.4628 0.0184 62.0764 0.0754 741.1629 0.1263 -2.4628 0.0184 12
2021-12-24_04-44-00 227.9816 139.7340 0.0777 0.0671 -2.4898 0.0120 62.2650 0.2978 741.0818 0.1112 -2.4898 0.0120 12
2021-12-24_04-45-00 244.4195 103.5088 0.0583 0.0637 -2.3968 0.0363 62.3228 0.3267 741.0818 0.0999 -2.3968 0.0363 12
2021-12-24_04-46-00 198.0123 84.0491 0.0278 0.0278 -2.3953 0.0100 61.9113 0.1821 741.1088 0.1165 -2.3953 0.0100 12
2021-12-24_04-47-00 182.1865 31.5375 0.0639 0.0264 -2.3781 0.0194 62.1934 0.0593 741.0277 0.1165 -2.3781 0.0194 12
2021-12-24_04-48-00 139.4357 29.0647 0.0389 0.0278 -2.3283 0.0049 61.7599 0.2129 741.0615 0.0879 -2.3283 0.0049 12
2021-12-24_04-49-00 100.0292 22.3638 0.0083 0.0151 -2.3647 0.0226 61.2823 0.0715 741.1426 0.1603 -2.3648 0.0226 12
2021-12-24_04-50-00 157.1317 100.7225 0.0111 0.0164 -2.4191 0.0093 61.5225 0.3758 741.1629 0.1310 -2.4191 0.0093 12
2021-12-24_04-51-00 132.0668 58.7280 0.0167 0.0174 -2.4335 0.0087 62.2121 0.0966 741.1020 0.1640 -2.4335 0.0087 12
2021-12-24_04-52-00 224.9393 50.5336 0.0417 0.0289 -2.4368 0.0151 62.2668 0.1168 741.0885 0.1064 -2.4368 0.0151 12
2021-12-24_04-53-00 267.8601 20.4856 0.0861 0.0594 -2.4873 0.0172 62.9888 0.3883 741.0344 0.1253 -2.4873 0.0172 12
2021-12-24_04-54-00 243.0973 34.3153 0.0889 0.0782 -2.5106 0.0169 62.7709 0.5961 741.0412 0.1287 -2.5106 0.0169 12
2021-12-24_04-55-00 205.4591 100.4665 0.0222 0.0328 -2.4668 0.0151 61.6965 0.2024 741.0885 0.1486 -2.4668 0.0151 12
2021-12-24_04-56-00 240.7871 91.7972 0.0750 0.0996 -2.3917 0.0323 62.0356 0.3373 741.0615 0.1221 -2.3917 0.0323 12
2021-12-24_04-57-00 228.4677 56.6589 0.0333 0.0348 -2.4064 0.0248 61.5712 0.3111 741.1088 0.1481 -2.4064 0.0248 12
2021-12-24_04-58-00 271.6265 33.0575 0.0833 0.0643 -2.5147 0.0353 62.8409 0.2066 741.0547 0.1468 -2.5148 0.0353 12
2021-12-24_04-59-00 193.5217 76.6901 0.0278 0.0343 -2.5555 0.0075 62.7983 0.2677 741.1494 0.1332 -2.5555 0.0075 12
2021-12-24_05-00-00 280.9156 36.8350 0.0666 0.0864 -2.5832 0.0165 64.0397 0.3752 741.0885 0.1315 -2.5832 0.0165 12
2021-12-24_05-01-00 280.6675 48.1307 0.1027 0.1068 -2.5940 0.0083 64.1442 0.4305 741.0141 0.1223 -2.5940 0.0083 12
2021-12-24_05-02-00 223.5511 58.7910 0.0278 0.0343 -2.5906 0.0065 63.5826 0.2281 741.1088 0.1263 -2.5906 0.0065 12
2021-12-24_05-03-00 223.5551 121.2607 0.1083 0.1102 -2.5713 0.0065 63.5066 0.2776 741.1088 0.1215 -2.5713 0.0065 12
2021-12-24_05-04-00 255.2847 40.0458 0.0611 0.0371 -2.5053 0.0294 63.1460 0.4181 741.1088 0.1215 -2.5053 0.0294 12
2021-12-24_05-05-00 213.9840 32.0562 0.0028 0.0096 -2.4326 0.0163 61.9702 0.0824 741.1832 0.1315 -2.4326 0.0163 12
2021-12-24_05-06-00 207.6013 58.9260 0.0194 0.0264 -2.3962 0.0086 62.3088 0.3577 741.1358 0.1695 -2.3962 0.0086 12
2021-12-24_05-07-00 266.9660 55.6258 0.0694 0.0481 -2.4594 0.0269 63.4407 0.1608 741.1291 0.1269 -2.4594 0.0269 12
2021-12-24_05-08-00 198.7823 77.4508 0.0083 0.0151 -2.5312 0.0185 63.3050 0.0461 741.0953 0.1405 -2.5312 0.0185 12
2021-12-24_05-09-00 198.8223 24.6560 0.0139 0.0223 -2.5849 0.0186 62.5731 0.2683 741.1223 0.1239 -2.5849 0.0186 12
2021-12-24_05-10-00 204.5270 34.3589 0.0028 0.0096 -2.5731 0.0221 62.5316 0.0982 741.1156 0.1253 -2.5731 0.0221 12
2021-12-24_05-11-00 180.5203 31.9605 0.0000 0.0000 -2.5063 0.0176 62.0803 0.0903 741.1291 0.1269 -2.5063 0.0176 12
2021-12-24_05-12-00 267.2820 85.7659 0.0972 0.1167 -2.3914 0.0580 61.5108 0.1864 741.0344 0.1154 -2.3914 0.0580 12
2021-12-24_05-13-00 288.9305 40.3065 0.0777 0.1057 -2.1932 0.0283 61.1417 0.0686 741.0547 0.0979 -2.1932 0.0283 12
2021-12-24_05-14-00 305.6864 24.1006 0.1250 0.0712 -2.1638 0.0106 61.7064 0.2577 741.0074 0.1316 -2.1638 0.0106 12
2021-12-24_05-15-00 295.2312 76.6992 0.0889 0.0556 -2.1682 0.0086 61.9979 0.0804 741.0480 0.1360 -2.1682 0.0086 12
2021-12-24_05-16-00 196.6761 82.2079 0.0111 0.0217 -2.2186 0.0334 61.2160 0.4604 741.1358 0.1294 -2.2186 0.0334 12
2021-12-24_05-17-00 206.7892 24.8722 0.0167 0.0266 -2.3010 0.0210 61.5638 0.2731 741.1426 0.1064 -2.3010 0.0210 12
2021-12-24_05-18-00 133.4950 41.5445 0.0028 0.0096 -2.3383 0.0089 61.4203 0.2039 741.1426 0.1221 -2.3383 0.0089 12
2021-12-24_05-19-00 185.1288 25.5429 0.0083 0.0151 -2.3383 0.0089 61.5970 0.1819 741.1291 0.1360 -2.3383 0.0089 12
2021-12-24_05-20-00 176.3798 23.5456 0.0028 0.0096 -2.3230 0.0087 61.0096 0.0843 741.1697 0.1221 -2.3230 0.0087 12
2021-12-24_05-21-00 203.7629 18.5587 0.0000 0.0000 -2.3015 0.0045 60.5734 0.2328 741.1629 0.1398 -2.3015 0.0045 12
2021-12-24_05-22-00 203.8309 20.2417 0.0028 0.0096 -2.2998 0.0100 60.6523 0.1475 741.2102 0.1565 -2.2998 0.0100 12
2021-12-24_05-23-00 225.3073 42.0185 0.0416 0.0683 -2.2948 0.0108 61.0857 0.2559 741.1426 0.1360 -2.2948 0.0108 12
2021-12-24_05-24-00 283.7419 89.2666 0.0750 0.0534 -2.3265 0.0123 61.7065 0.5890 741.1088 0.1112 -2.3265 0.0123 12
2021-12-24_05-25-00 206.5392 50.4273 0.0056 0.0130 -2.3384 0.0109 61.6532 0.2701 741.1561 0.1473 -2.3384 0.0109 12
2021-12-24_05-26-00 252.9604 46.9489 0.0472 0.0388 -2.3749 0.0167 62.3176 0.2224 741.1696 0.1221 -2.3749 0.0167 12
2021-12-24_05-27-00 181.5404 35.7494 0.0000 0.0000 -2.4140 0.0136 61.9383 0.2300 741.1561 0.1300 -2.4140 0.0136 12
2021-12-24_05-28-00 156.2116 27.5255 0.0028 0.0096 -2.4377 0.0094 61.8641 0.1981 741.1426 0.1403 -2.4377 0.0094 12
2021-12-24_05-29-00 199.2144 119.7827 0.0250 0.0452 -2.4452 0.0116 62.7767 0.2339 741.0885 0.1171 -2.4452 0.0116 12
2021-12-24_05-30-00 183.2366 20.7117 0.0028 0.0096 -2.4635 0.0075 62.3715 0.2040 741.1494 0.1190 -2.4635 0.0075 12
2021-12-24_05-31-00 183.0066 17.3925 0.0000 0.0000 -2.4527 0.0098 62.1502 0.1679 741.1291 0.1315 -2.4527 0.0098 12
2021-12-24_05-32-00 220.4888 25.9391 0.0111 0.0217 -2.4460 0.0043 61.5273 0.1717 741.1291 0.1269 -2.4460 0.0043 12
2021-12-24_05-33-00 221.1289 25.4683 0.0028 0.0096 -2.4593 0.0098 61.4317 0.1044 741.1629 0.1215 -2.4593 0.0098 12
2021-12-24_05-34-00 232.6001 67.6142 0.0000 0.0000 -2.4527 0.0089 61.9921 0.1881 741.1764 0.1317 -2.4527 0.0089 12
2021-12-24_05-35-00 151.6910 132.2892 0.0444 0.0499 -2.4518 0.0090 62.9744 0.2825 741.0953 0.1066 -2.4518 0.0090 12
2021-12-24_05-36-00 249.6701 31.9318 0.0333 0.0318 -2.5393 0.0323 63.7000 0.1487 741.0818 0.1263 -2.5393 0.0323 12
2021-12-24_05-37-00 191.1455 67.9010 0.0000 0.0000 -2.5890 0.0112 63.1637 0.1117 741.1426 0.1360 -2.5890 0.0112 12
2021-12-24_05-38-00 156.1956 36.4446 0.0056 0.0130 -2.6348 0.0164 62.9148 0.0706 741.1291 0.1526 -2.6348 0.0164 12
2021-12-24_05-39-00 222.2390 24.9384 0.0111 0.0259 -2.6405 0.0097 63.7639 0.3956 741.1223 0.1028 -2.6405 0.0097 12
2021-12-24_05-40-00 246.6417 52.6917 0.0389 0.0600 -2.6714 0.0142 64.3933 0.1558 741.1223 0.1419 -2.6714 0.0142 12
2021-12-24_05-41-00 189.4813 38.1599 0.0111 0.0217 -2.6723 0.0049 64.0427 0.3180 741.1020 0.1006 -2.6723 0.0049 12
2021-12-24_05-42-00 208.1494 67.1296 0.0167 0.0225 -2.6863 0.0082 64.2473 0.2790 741.0412 0.1085 -2.6863 0.0082 12
2021-12-24_05-43-00 280.7956 44.3133 0.0583 0.0698 -2.7117 0.0119 64.5237 0.0788 741.0141 0.1009 -2.7117 0.0119 12
2021-12-24_05-44-00 247.8279 35.5463 0.0805 0.1019 -2.6561 0.0298 64.2275 0.2445 741.0277 0.1481 -2.6561 0.0298 12
2021-12-24_05-45-00 246.6797 101.1380 0.0250 0.0429 -2.6457 0.0151 63.5536 0.2879 741.0682 0.1579 -2.6457 0.0151 12
2021-12-24_05-46-00 178.5841 116.0060 0.0417 0.0474 -2.6863 0.0141 64.7261 0.2381 740.9871 0.1287 -2.6863 0.0141 12
2021-12-24_05-47-00 153.1292 56.1834 0.0472 0.0643 -2.7158 0.0079 64.6426 0.1642 740.9939 0.1590 -2.7158 0.0079 12
2021-12-24_05-48-00 160.2940 62.3407 0.0278 0.0192 -2.6846 0.0095 64.2203 0.0823 741.0344 0.1154 -2.6846 0.0095 12
2021-12-24_05-49-00 188.2272 37.1986 0.0167 0.0301 -2.6864 0.0069 63.9601 0.1124 741.0074 0.1316 -2.6864 0.0069 12
2021-12-24_05-50-00 191.5695 27.1380 0.0222 0.0538 -2.6786 0.0105 63.8153 0.0522 741.0141 0.1066 -2.6786 0.0105 12
2021-12-24_05-51-00 205.2691 76.7335 0.0083 0.0151 -2.6681 0.0069 63.8033 0.1332 740.9803 0.1526 -2.6681 0.0069 12
2021-12-24_05-52-00 253.5945 78.9774 0.0361 0.0264 -2.6751 0.0094 64.2870 0.0789 740.9803 0.1316 -2.6751 0.0094 12
2021-12-24_05-53-00 241.9732 36.2748 0.0139 0.0223 -2.6828 0.0103 64.3746 0.1267 740.9668 0.1269 -2.6828 0.0103 12
2021-12-24_05-54-00 203.4529 15.1722 0.0111 0.0164 -2.6983 0.0058 64.1082 0.0832 740.9330 0.1317 -2.6983 0.0058 12
2021-12-24_05-55-00 165.7946 109.9768 0.0500 0.0745 -2.6526 0.0207 63.8623 0.0820 740.8992 0.1486 -2.6526 0.0207 12
2021-12-24_05-56-00 113.1687 94.0413 0.0722 0.0763 -2.5951 0.0142 64.2800 0.0892 740.8924 0.1094 -2.5951 0.0142 12
2021-12-24_05-57-00 174.4016 17.9853 0.0139 0.0300 -2.5831 0.0133 63.8653 0.1047 740.8924 0.1038 -2.5831 0.0133 12
2021-12-24_05-58-00 154.7934 31.5132 0.0250 0.0289 -2.6042 0.0102 64.1499 0.0903 740.8789 0.1332 -2.6042 0.0102 12
2021-12-24_05-59-00 167.0448 61.9297 0.0139 0.0223 -2.6375 0.0211 64.1280 0.0540 740.8789 0.1332 -2.6375 0.0211 12
2021-12-24_06-00-00 193.6758 21.7414 0.0028 0.0096 -2.6981 0.0216 64.0988 0.0772 740.8992 0.1269 -2.6981 0.0216 12
2021-12-24_06-01-00 197.9062 35.8810 0.0028 0.0096 -2.7527 0.0100 64.1684 0.1112 740.9736 0.1199 -2.7527 0.0100 12
2021-12-24_06-02-00 177.7520 59.0350 0.0194 0.0264 -2.7141 0.0229 64.4863 0.1194 740.9127 0.1473 -2.7141 0.0229 12
2021-12-24_06-03-00 113.3467 72.1001 0.0278 0.0343 -2.7200 0.0176 64.9093 0.0471 740.8045 0.1486 -2.7200 0.0176 12
2021-12-24_06-04-00 68.5737 41.0337 0.1166 0.0502 -2.7475 0.0045 65.3324 0.1367 740.7707 0.1528 -2.7475 0.0045 12
2021-12-24_06-05-00 129.2825 118.1529 0.1083 0.0571 -2.7258 0.0156 65.6422 0.1330 740.7640 0.1316 -2.7258 0.0156 12
2021-12-24_06-06-00 226.0354 117.5748 0.0305 0.0361 -2.7192 0.0100 65.7599 0.0414 740.7978 0.1287 -2.7192 0.0100 12
2021-12-24_06-07-00 254.8066 116.4333 0.0528 0.0459 -2.7687 0.0228 65.8260 0.0264 740.7707 0.1677 -2.7687 0.0228 12
2021-12-24_06-08-00 261.4314 27.4987 0.0555 0.0715 -2.7427 0.0158 65.2168 0.3042 740.8451 0.1639 -2.7427 0.0158 12
2021-12-24_06-09-00 185.1288 31.6517 0.0083 0.0151 -2.7570 0.0120 64.9896 0.0949 740.8722 0.1300 -2.7570 0.0120 12
2021-12-24_06-10-00 170.6252 25.0705 0.0083 0.0207 -2.7595 0.0094 64.8578 0.0855 740.8383 0.1355 -2.7595 0.0094 12
2021-12-24_06-11-00 214.3741 79.7211 0.0028 0.0096 -2.7442 0.0116 64.7653 0.0391 740.8383 0.1398 -2.7442 0.0116 12
2021-12-24_06-12-00 124.5040 58.8963 0.0139 0.0172 -2.7292 0.0138 64.7508 0.0588 740.8519 0.1317 -2.7292 0.0138 12
2021-12-24_06-13-00 148.1686 113.7287 0.0278 0.0343 -2.7327 0.0280 64.8516 0.1222 740.7775 0.1360 -2.7327 0.0280 12
2021-12-24_06-14-00 142.5080 87.4400 0.0056 0.0192 -2.7924 0.0130 64.9211 0.0628 740.7369 0.1565 -2.7924 0.0130 12
2021-12-24_06-15-00 154.3133 106.1495 0.0611 0.0600 -2.7828 0.0233 64.8837 0.0580 740.6490 0.1730 -2.7828 0.0233 12
2021-12-24_06-16-00 141.7139 88.5613 0.0444 0.0358 -2.7552 0.0127 64.7695 0.0768 740.7504 0.1552 -2.7552 0.0127 12
2021-12-24_06-17-00 63.2791 94.3433 0.1000 0.0738 -2.6809 0.0428 64.5470 0.0903 740.6693 0.1389 -2.6809 0.0428 12
2021-12-24_06-18-00 261.7434 105.0134 0.0722 0.0600 -2.5932 0.0083 64.8628 0.2227 740.6828 0.1403 -2.5932 0.0083 12
2021-12-24_06-19-00 245.6296 43.2779 0.0555 0.0756 -2.6445 0.0295 64.9412 0.2213 740.6964 0.1221 -2.6445 0.0295 12
2021-12-24_06-20-00 208.2374 94.0675 0.0250 0.0379 -2.7092 0.0108 64.7728 0.0957 740.7504 0.1154 -2.7092 0.0108 12
2021-12-24_06-21-00 227.8076 53.8174 0.0417 0.0474 -2.6914 0.0123 64.7971 0.0467 740.7234 0.1404 -2.6914 0.0123 12
2021-12-24_06-22-00 235.1904 24.1888 0.0167 0.0333 -2.6776 0.0087 64.5134 0.0815 740.7031 0.1355 -2.6776 0.0087 12
2021-12-24_06-23-00 172.9934 83.0032 0.0222 0.0410 -2.7075 0.0171 64.2898 0.0732 740.7572 0.1635 -2.7075 0.0171 12
2021-12-24_06-24-00 234.3743 152.5705 0.0666 0.0550 -2.7049 0.0180 64.8353 0.1771 740.6761 0.1635 -2.7049 0.0180 12
2021-12-24_06-25-00 269.6223 78.8537 0.0861 0.0594 -2.6283 0.0396 64.6199 0.2838 740.6761 0.1521 -2.6283 0.0396 12
2021-12-24_06-26-00 240.4350 53.4384 0.0389 0.0600 -2.5738 0.0090 63.9777 0.1961 740.6761 0.0999 -2.5738 0.0090 12
2021-12-24_06-27-00 297.9015 18.1710 0.0583 0.0605 -2.5663 0.0225 63.5332 0.0596 740.6693 0.1432 -2.5663 0.0225 12
2021-12-24_06-28-00 288.3324 26.3668 0.0361 0.0540 -2.4511 0.0394 63.2116 0.1278 740.6964 0.1221 -2.4511 0.0394 12
2021-12-24_06-29-00 204.7510 115.6235 0.0583 0.0588 -2.4048 0.0164 63.0019 0.0620 740.7099 0.1389 -2.4048 0.0164 12
2021-12-24_06-30-00 321.4421 35.5512 0.1027 0.0846 -2.4183 0.0078 63.1295 0.1644 740.6287 0.1045 -2.4183 0.0078 12
2021-12-24_06-31-00 128.6225 137.9142 0.1361 0.0784 -2.3973 0.0163 63.2746 0.0427 740.6220 0.1440 -2.3973 0.0163 12
2021-12-24_06-32-00 150.9750 138.7300 0.0666 0.0402 -2.3752 0.0090 63.0957 0.0406 740.5882 0.1627 -2.3752 0.0090 12
2021-12-24_06-33-00 84.2115 24.0858 0.1083 0.0637 -2.4070 0.0095 63.0278 0.1249 740.6017 0.1221 -2.4070 0.0095 12
2021-12-24_06-34-00 153.9593 137.3353 0.1250 0.0621 -2.3325 0.0363 62.5316 0.1025 740.5814 0.1617 -2.3325 0.0363 12
2021-12-24_06-35-00 150.3589 79.3251 0.0139 0.0172 -2.3230 0.0323 62.3176 0.1009 740.6220 0.1398 -2.3230 0.0323 12
2021-12-24_06-36-00 154.2933 71.6889 0.0194 0.0332 -2.4265 0.0202 62.3821 0.0166 740.6828 0.1119 -2.4265 0.0202 12
2021-12-24_06-37-00 244.3615 117.2015 0.0111 0.0259 -2.4585 0.0075 62.4816 0.0771 740.6896 0.1362 -2.4585 0.0075 12
2021-12-24_06-38-00 193.3857 128.2002 0.0361 0.0413 -2.4610 0.0080 62.8778 0.1067 740.7099 0.1664 -2.4610 0.0080 12
2021-12-24_06-39-00 192.9137 139.3959 0.0278 0.0398 -2.4668 0.0029 63.0259 0.0306 740.7166 0.1332 -2.4668 0.0029 12
2021-12-24_06-40-00 271.6165 126.5813 0.0472 0.0559 -2.4451 0.0269 62.7647 0.0698 740.6558 0.1446 -2.4451 0.0269 12
2021-12-24_06-41-00 309.3228 30.9557 0.0611 0.0802 -2.3946 0.0085 62.6854 0.0887 740.6693 0.1205 -2.3946 0.0085 12
2021-12-24_06-42-00 226.8415 26.5015 0.0083 0.0151 -2.3957 0.0180 61.9888 0.1638 740.8113 0.1340 -2.3957 0.0180 12
2021-12-24_06-43-00 219.4267 109.3828 0.0333 0.0246 -2.4618 0.0108 62.4258 0.3268 740.7504 0.1045 -2.4618 0.0108 12
2021-12-24_06-44-00 152.8572 117.6251 0.0139 0.0300 -2.4793 0.0089 62.9473 0.0956 740.6896 0.1362 -2.4793 0.0089 12
2021-12-24_06-45-00 91.1782 144.7659 0.0944 0.0885 -2.4794 0.0131 62.9928 0.0254 740.5476 0.1254 -2.4794 0.0131 12
2021-12-24_06-46-00 269.9343 122.6212 0.1083 0.1016 -2.4342 0.0178 62.9718 0.0994 740.5341 0.1404 -2.4342 0.0178 12
2021-12-24_06-47-00 299.7037 100.2378 0.0916 0.0753 -2.3715 0.0168 62.5177 0.1393 740.5814 0.1287 -2.3715 0.0168 12
2021-12-24_06-48-00 249.1240 91.4335 0.0750 0.0740 -2.3272 0.0192 62.1447 0.2065 740.6220 0.1481 -2.3272 0.0192 12
2021-12-24_06-49-00 148.0206 61.8785 0.0056 0.0130 -2.3316 0.0194 61.6198 0.0370 740.7099 0.1734 -2.3316 0.0194 12
2021-12-24_06-50-00 225.5213 45.0781 0.0111 0.0164 -2.3727 0.0089 61.6637 0.0289 740.6693 0.1253 -2.3727 0.0089 12
2021-12-24_06-51-00 245.6196 124.1664 0.0889 0.0946 -2.3658 0.0116 61.7793 0.0569 740.6152 0.1171 -2.3658 0.0116 12
2021-12-24_06-52-00 305.8704 47.5293 0.1055 0.0763 -2.3102 0.0211 61.9658 0.0473 740.5476 0.1254 -2.3102 0.0211 12
2021-12-24_06-53-00 263.7096 73.6659 0.0750 0.0653 -2.2565 0.0114 61.4082 0.1871 740.6152 0.1360 -2.2565 0.0114 12
2021-12-24_06-54-00 308.2806 29.3664 0.0777 0.0556 -2.2707 0.0150 61.4052 0.1719 740.6490 0.1384 -2.2707 0.0150 12
2021-12-24_06-55-00 291.1427 33.0613 0.0694 0.0540 -2.2309 0.0126 61.6791 0.0739 740.5814 0.1792 -2.2309 0.0126 12
2021-12-24_06-56-00 294.6551 13.5256 0.0694 0.0361 -2.2505 0.0102 61.6918 0.0311 740.5476 0.1346 -2.2505 0.0102 12
2021-12-24_06-57-00 255.6107 90.9437 0.0833 0.0502 -2.2325 0.0129 61.6622 0.0182 740.5341 0.1269 -2.2325 0.0129 12
2021-12-24_06-58-00 229.8318 99.9946 0.0444 0.0457 -2.2342 0.0104 61.4523 0.1021 740.6152 0.1404 -2.2342 0.0104 12
2021-12-24_06-59-00 187.1390 28.5274 0.0028 0.0096 -2.2883 0.0303 61.3813 0.1297 740.6152 0.1360 -2.2883 0.0303 12
2021-12-24_07-00-00 216.7164 127.7211 0.0139 0.0223 -2.3692 0.0145 61.8018 0.1169 740.6017 0.1446 -2.3692 0.0145 12
2021-12-24_07-01-00 188.6312 159.5920 0.1222 0.0641 -2.3891 0.0085 62.1780 0.0783 740.4800 0.1746 -2.3891 0.0085 12
2021-12-24_07-02-00 244.0114 145.4362 0.1305 0.0731 -2.3827 0.0049 62.3622 0.0267 740.4327 0.1215 -2.3827 0.0049 12
2021-12-24_07-03-00 263.0036 86.6769 0.0972 0.0643 -2.3693 0.0049 62.3485 0.0190 740.4868 0.1384 -2.3693 0.0049 12
2021-12-24_07-04-00 282.6118 18.4290 0.0750 0.0588 -2.3548 0.0084 62.1466 0.1116 740.5273 0.1223 -2.3548 0.0084 12
2021-12-24_07-05-00 273.4887 29.1653 0.0694 0.0688 -2.3716 0.0158 62.0477 0.1200 740.4868 0.1508 -2.3716 0.0158 12
2021-12-24_07-06-00 279.5954 21.7157 0.1000 0.0651 -2.3891 0.0134 62.1335 0.0554 740.5273 0.1271 -2.3891 0.0134 12
2021-12-24_07-07-00 289.1385 30.7085 0.0666 0.0724 -2.3565 0.0094 62.0278 0.1171 740.5814 0.0836 -2.3565 0.0094 12
2021-12-24_07-08-00 271.5705 87.6245 0.0305 0.0521 -2.3922 0.0073 62.2072 0.1638 740.5409 0.1310 -2.3922 0.0073 12
2021-12-24_07-09-00 301.1338 16.0594 0.0528 0.0388 -2.3968 0.0069 62.3872 0.0515 740.5138 0.1398 -2.3968 0.0069 12
2021-12-24_07-10-00 283.7459 65.9762 0.0833 0.0389 -2.3818 0.0078 62.4108 0.0442 740.4259 0.1513 -2.3818 0.0078 12
2021-12-24_07-11-00 290.4226 38.3696 0.1083 0.0740 -2.3531 0.0196 61.9515 0.1945 740.4394 0.1446 -2.3531 0.0196 12
2021-12-24_07-12-00 260.7913 66.5120 0.0528 0.0576 -2.3735 0.0383 61.5965 0.1322 740.5747 0.1746 -2.3735 0.0383 12
2021-12-24_07-13-00 278.1273 26.4777 0.0528 0.0361 -2.4285 0.0087 61.9941 0.0532 740.5611 0.1269 -2.4285 0.0087 12
2021-12-24_07-14-00 287.5343 50.9015 0.0333 0.0376 -2.4335 0.0097 62.1810 0.1862 740.5408 0.1263 -2.4335 0.0097 12
2021-12-24_07-15-00 220.5388 138.9837 0.0972 0.0717 -2.4535 0.0097 62.4588 0.0698 740.4394 0.1360 -2.4535 0.0097 12
2021-12-24_07-16-00 255.4107 116.1094 0.0666 0.0791 -2.4377 0.0094 62.4972 0.0608 740.5070 0.1473 -2.4377 0.0094 12
2021-12-24_07-17-00 228.2756 132.9794 0.1138 0.0809 -2.4851 0.0321 62.9226 0.1300 740.4935 0.1360 -2.4851 0.0321 12
2021-12-24_07-18-00 309.7908 94.1106 0.0916 0.0571 -2.5212 0.0081 63.1250 0.0714 740.4597 0.1560 -2.5212 0.0081 12
2021-12-24_07-19-00 238.6328 132.3729 0.0361 0.0388 -2.5124 0.0072 62.9828 0.0371 740.5070 0.1346 -2.5124 0.0072 12
2021-12-24_07-20-00 280.8816 29.5370 0.0639 0.0521 -2.5605 0.0186 62.9105 0.1041 740.5273 0.1641 -2.5605 0.0186 12
2021-12-24_07-21-00 286.6222 22.6604 0.0611 0.0509 -2.5354 0.0239 62.6142 0.0467 740.4935 0.1171 -2.5354 0.0239 12
2021-12-24_07-22-00 264.5997 85.1338 0.0694 0.0771 -2.4843 0.0058 62.2029 0.1554 740.4394 0.1486 -2.4843 0.0058 12
2021-12-24_07-23-00 285.0440 37.9525 0.0472 0.0437 -2.4811 0.0101 61.8097 0.1301 740.4462 0.1317 -2.4811 0.0101 12
2021-12-24_07-24-00 277.6952 29.1124 0.1027 0.0771 -2.4475 0.0307 61.4618 0.1671 740.4394 0.1269 -2.4475 0.0307 12
2021-12-24_07-25-00 267.1820 84.8801 0.0916 0.0683 -2.3428 0.0205 61.0161 0.0709 740.4056 0.1547 -2.3428 0.0205 12
2021-12-24_07-26-00 271.9066 29.7632 0.0777 0.0808 -2.3505 0.0240 60.8238 0.0776 740.4394 0.1269 -2.3505 0.0240 12
2021-12-24_07-27-00 296.3213 26.5092 0.0444 0.0574 -2.3777 0.0094 61.0702 0.1009 740.3989 0.1486 -2.3777 0.0094 12
2021-12-24_07-28-00 283.6819 20.1822 0.1111 0.0574 -2.4072 0.0142 61.1114 0.1266 740.3651 0.1173 -2.4072 0.0142 12
2021-12-24_07-29-00 262.9936 43.3328 0.0500 0.0541 -2.3735 0.0087 60.8719 0.0620 740.4056 0.1468 -2.3735 0.0087 12
2021-12-24_07-30-00 206.5672 39.0803 0.0333 0.0402 -2.4057 0.0161 60.7521 0.1617 740.4327 0.1165 -2.4057 0.0161 12
2021-12-24_07-31-00 178.3820 63.7034 0.0139 0.0172 -2.4452 0.0116 60.6519 0.0422 740.3718 0.1446 -2.4452 0.0116 12
2021-12-24_07-32-00 280.7335 18.2672 0.0916 0.0805 -2.4385 0.0129 60.7273 0.0883 740.3651 0.1447 -2.4385 0.0129 12
2021-12-24_07-33-00 264.2757 38.2004 0.0500 0.0438 -2.3881 0.0138 60.3499 0.1837 740.3921 0.1825 -2.3881 0.0138 12
2021-12-24_07-34-00 211.4318 80.0706 0.0111 0.0217 -2.4979 0.0410 60.3076 0.0689 740.4462 0.1271 -2.4979 0.0410 12
2021-12-24_07-35-00 199.8485 123.4944 0.0167 0.0225 -2.5072 0.0154 60.6288 0.0914 740.4259 0.1345 -2.5072 0.0154 12
2021-12-24_07-36-00 225.7334 62.6841 0.0056 0.0130 -2.4493 0.0206 60.2784 0.1674 740.4124 0.1360 -2.4493 0.0206 12
2021-12-24_07-37-00 201.4766 55.9115 0.0167 0.0225 -2.4005 0.0173 59.9061 0.0895 740.4124 0.1315 -2.4005 0.0173 12
2021-12-24_07-38-00 248.4579 76.6827 0.0278 0.0509 -2.3693 0.0089 60.0532 0.1225 740.4056 0.1247 -2.3693 0.0089 12
2021-12-24_07-39-00 266.1819 48.0347 0.0500 0.0577 -2.3222 0.0225 60.1403 0.1511 740.3515 0.1215 -2.3222 0.0225 12
2021-12-24_07-40-00 281.5356 14.0614 0.1000 0.0710 -2.3050 0.0175 60.2285 0.0998 740.2907 0.1526 -2.3050 0.0175 12
2021-12-24_07-41-00 245.4436 45.3413 0.0361 0.0300 -2.2334 0.0133 59.5381 0.1950 740.3650 0.1362 -2.2334 0.0133 12
2021-12-24_07-42-00 248.3759 39.4094 0.0333 0.0376 -2.2884 0.0373 59.3894 0.0445 740.3853 0.1389 -2.2884 0.0373 12
2021-12-24_07-43-00 236.8226 51.4622 0.0167 0.0225 -2.3221 0.0181 59.5739 0.0484 740.4259 0.1154 -2.3221 0.0181 12
2021-12-24_07-44-00 248.0639 38.1096 0.0028 0.0096 -2.2698 0.0090 59.2357 0.0667 740.4597 0.1398 -2.2698 0.0090 12
2021-12-24_07-45-00 230.7699 88.3457 0.0056 0.0130 -2.2489 0.0126 59.3324 0.0926 740.4935 0.1316 -2.2489 0.0126 12
2021-12-24_07-46-00 188.8752 111.4240 0.0222 0.0385 -2.2421 0.0137 59.2673 0.0703 740.3989 0.1403 -2.2421 0.0137 12
2021-12-24_07-47-00 273.9968 23.8549 0.0500 0.0225 -2.2554 0.0194 59.7852 0.1353 740.3786 0.1398 -2.2554 0.0194 12
2021-12-24_07-48-00 256.4848 25.3738 0.0472 0.0437 -2.1720 0.0264 59.5051 0.2062 740.3921 0.1287 -2.1720 0.0264 12
2021-12-24_07-49-00 273.9508 27.8732 0.0194 0.0300 -2.1237 0.0072 59.0472 0.0844 740.4530 0.1486 -2.1237 0.0072 12
2021-12-24_07-50-00 245.1035 27.1278 0.0028 0.0096 -2.1590 0.0156 58.6307 0.1018 740.5003 0.1420 -2.1590 0.0156 12
2021-12-24_07-51-00 251.3302 41.5304 0.0056 0.0192 -2.2034 0.0153 58.6380 0.0887 740.5138 0.1165 -2.2034 0.0153 12
2021-12-24_07-52-00 274.7449 26.5974 0.0361 0.0459 -2.1938 0.0252 59.2149 0.1391 740.4665 0.1473 -2.1938 0.0252 12
2021-12-24_07-53-00 290.7267 21.3621 0.0361 0.0300 -2.0932 0.0526 58.6789 0.4275 740.4597 0.1310 -2.0933 0.0526 12
2021-12-24_07-54-00 225.9214 113.6046 0.0305 0.0388 -1.9650 0.0173 57.8102 0.0843 740.4935 0.1526 -1.9650 0.0173 12
2021-12-24_07-55-00 299.0136 28.3899 0.0250 0.0352 -1.9708 0.0090 57.7261 0.0637 740.4597 0.1215 -1.9708 0.0090 12
2021-12-24_07-56-00 260.8413 99.7628 0.0333 0.0246 -1.9608 0.0124 57.8113 0.0397 740.4056 0.1340 -1.9608 0.0124 12
2021-12-24_07-57-00 259.8172 26.7292 0.0389 0.0312 -1.9017 0.0227 57.6032 0.1229 740.4259 0.1205 -1.9017 0.0227 12
2021-12-24_07-58-00 206.4392 26.5387 0.0139 0.0388 -1.8356 0.0099 56.8119 0.1922 740.5273 0.1447 -1.8356 0.0099 12
2021-12-24_07-59-00 240.1830 75.6051 0.0167 0.0389 -1.7997 0.0279 56.3844 0.1159 740.4868 0.1508 -1.7997 0.0279 12
2021-12-24_08-00-00 241.3431 123.3617 0.0722 0.0600 -1.7437 0.0121 56.4363 0.0635 740.4056 0.1340 -1.7437 0.0121 12
2021-12-24_08-01-00 233.6022 138.9083 0.0944 0.0789 -1.7211 0.0184 56.5472 0.1088 740.3650 0.1066 -1.7211 0.0184 12
2021-12-24_08-02-00 278.5673 55.5010 0.0666 0.0471 -1.6958 0.0194 56.1520 0.3339 740.3921 0.1139 -1.6958 0.0194 12
2021-12-24_08-03-00 270.2804 26.3599 0.0500 0.0594 -1.5853 0.0312 55.2795 0.1596 740.4462 0.1528 -1.5852 0.0312 12
2021-12-24_08-04-00 143.1681 28.4331 0.0139 0.0223 -1.5823 0.0153 54.9682 0.0828 740.5206 0.1360 -1.5823 0.0153 12
2021-12-24_08-05-00 158.9939 24.7705 0.0000 0.0000 -1.5555 0.0128 54.8638 0.0247 740.5206 0.1486 -1.5555 0.0128 12
2021-12-24_08-06-00 199.5344 100.4348 0.0305 0.0413 -1.5608 0.0134 54.7954 0.0599 740.5273 0.1317 -1.5608 0.0134 12
2021-12-24_08-07-00 262.6675 17.1545 0.0500 0.0414 -1.5182 0.0139 54.7377 0.1528 740.4800 0.1446 -1.5182 0.0139 12
2021-12-24_08-08-00 249.0320 30.7850 0.0555 0.0519 -1.5507 0.0180 55.2463 0.1598 740.5003 0.1420 -1.5507 0.0180 12
2021-12-24_08-09-00 224.3052 29.2840 0.0167 0.0266 -1.5745 0.0221 54.9719 0.1676 740.5476 0.1205 -1.5745 0.0221 12
2021-12-24_08-10-00 155.5015 17.3335 0.0000 0.0000 -1.4962 0.0448 54.4212 0.1290 740.5611 0.1603 -1.4962 0.0448 12
2021-12-24_08-11-00 152.8272 68.7705 0.0056 0.0130 -1.3810 0.0334 53.9062 0.1626 740.5544 0.1420 -1.3810 0.0334 12
2021-12-24_08-12-00 130.6827 135.6157 0.0611 0.0398 -1.3037 0.0111 53.6541 0.0297 740.4191 0.1420 -1.3037 0.0111 12
2021-12-24_08-13-00 301.2719 55.6040 0.1027 0.0758 -1.3396 0.0260 54.1922 0.2694 740.3380 0.1332 -1.3396 0.0260 12
2021-12-24_08-14-00 305.0203 28.7112 0.0861 0.0576 -1.4461 0.0356 55.0443 0.1567 740.3583 0.1269 -1.4461 0.0356 12
2021-12-24_08-15-00 266.4319 71.1626 0.0777 0.0592 -1.5502 0.0331 55.6215 0.0992 740.4462 0.1121 -1.5502 0.0331 12
2021-12-24_08-16-00 224.1632 36.4588 0.0194 0.0332 -1.6437 0.0331 55.3618 0.1187 740.5206 0.1171 -1.6437 0.0331 12
2021-12-24_08-17-00 181.6204 98.1499 0.0111 0.0164 -1.6673 0.0206 55.1809 0.0561 740.5273 0.1362 -1.6673 0.0206 12
2021-12-24_08-18-00 183.9967 161.9728 0.0389 0.0239 -1.6596 0.0127 55.5333 0.1898 740.5273 0.1528 -1.6596 0.0127 12
2021-12-24_08-19-00 190.2534 155.1594 0.0861 0.0937 -1.6786 0.0105 55.9085 0.0506 740.4732 0.1420 -1.6786 0.0105 12
2021-12-24_08-20-00 157.2317 165.8702 0.1111 0.0795 -1.6355 0.0389 55.1872 0.3368 740.3718 0.1403 -1.6355 0.0389 12
2021-12-24_08-21-00 149.9608 156.3090 0.1638 0.0673 -1.5359 0.0170 54.6895 0.0593 740.3448 0.1432 -1.5359 0.0170 12
2021-12-24_08-22-00 254.8146 73.6219 0.0222 0.0296 -1.5037 0.0104 54.3310 0.0522 740.4327 0.1355 -1.5037 0.0104 12
2021-12-24_08-23-00 247.5198 72.8948 0.0250 0.0322 -1.5061 0.0163 54.0877 0.1039 740.5003 0.1139 -1.5061 0.0163 12
2021-12-24_08-24-00 162.9363 160.5606 0.0750 0.0780 -1.5444 0.0108 54.3220 0.2214 740.5003 0.1420 -1.5444 0.0108 12
2021-12-24_08-25-00 175.7538 138.3156 0.0722 0.0528 -1.5781 0.0141 54.6971 0.0490 740.4259 0.1432 -1.5781 0.0141 12
2021-12-24_08-26-00 30.5334 54.2805 0.1111 0.0902 -1.6168 0.0100 54.7387 0.0741 740.3448 0.1432 -1.6168 0.0100 12
2021-12-24_08-27-00 109.2843 137.2792 0.1472 0.0846 -1.6042 0.0149 54.5176 0.0581 740.2974 0.1263 -1.6042 0.0149 12
2021-12-24_08-28-00 283.7119 66.3589 0.0555 0.0358 -1.5941 0.0105 54.3723 0.0509 740.3583 0.1603 -1.5941 0.0105 12
2021-12-24_08-29-00 259.0291 28.2154 0.0500 0.0482 -1.6218 0.0223 54.1734 0.0373 740.3718 0.1315 -1.6218 0.0223 12
2021-12-24_08-30-00 287.8523 29.4123 0.0528 0.0413 -1.6502 0.0133 54.1078 0.0211 740.3515 0.1215 -1.6502 0.0133 12
2021-12-24_08-31-00 287.9224 28.1234 0.0944 0.0802 -1.6293 0.0137 54.1163 0.0404 740.3786 0.1112 -1.6293 0.0137 12
2021-12-24_08-32-00 293.6310 20.6217 0.0833 0.0502 -1.5993 0.0144 53.9839 0.0540 740.4056 0.1147 -1.5992 0.0144 12
2021-12-24_08-33-00 264.4797 35.0472 0.0444 0.0385 -1.5764 0.0172 53.9714 0.0687 740.4529 0.1316 -1.5764 0.0172 12
2021-12-24_08-34-00 223.9392 37.7469 0.0083 0.0207 -1.6521 0.0196 54.0380 0.0758 740.5138 0.1521 -1.6521 0.0196 12
2021-12-24_08-35-00 276.1290 61.7548 0.0361 0.0361 -1.6837 0.0089 54.3298 0.0724 740.5003 0.1461 -1.6837 0.0089 12
2021-12-24_08-36-00 249.3020 40.5562 0.0444 0.0410 -1.6647 0.0116 54.1766 0.0306 740.4868 0.1427 -1.6647 0.0116 12
2021-12-24_08-37-00 236.9026 60.7240 0.0194 0.0264 -1.6852 0.0096 54.4567 0.1558 740.4597 0.1310 -1.6852 0.0096 12
2021-12-24_08-38-00 199.5184 95.3000 0.0139 0.0223 -1.6978 0.0067 54.5009 0.0274 740.5070 0.1346 -1.6978 0.0067 12
2021-12-24_08-39-00 214.5541 128.4575 0.0417 0.0405 -1.7011 0.0065 54.9198 0.1625 740.3853 0.1300 -1.7011 0.0065 12
2021-12-24_08-40-00 275.4009 92.6900 0.0666 0.0550 -1.7203 0.0159 55.3638 0.1756 740.3245 0.1147 -1.7203 0.0159 12
2021-12-24_08-41-00 201.7527 131.8476 0.1138 0.0559 -1.7680 0.0165 55.6980 0.0311 740.2433 0.1384 -1.7680 0.0165 12
2021-12-24_08-42-00 288.4764 94.3303 0.1000 0.0550 -1.7938 0.0090 55.8065 0.0776 740.2839 0.1173 -1.7938 0.0090 12
2021-12-24_08-43-00 299.7197 11.2623 0.0305 0.0361 -1.8138 0.0067 55.9900 0.0331 740.3786 0.1440 -1.8138 0.0067 12
2021-12-24_08-44-00 260.7493 122.6497 0.0694 0.0610 -1.8163 0.0111 56.0593 0.0463 740.3583 0.1269 -1.8163 0.0111 12
2021-12-24_08-45-00 220.3248 144.7893 0.0583 0.0515 -1.8330 0.0090 56.1353 0.0742 740.3042 0.1345 -1.8330 0.0090 12
2021-12-24_08-46-00 209.2835 129.7635 0.0916 0.0515 -1.8512 0.0126 56.2162 0.0995 740.2771 0.0945 -1.8512 0.0126 12
2021-12-24_08-47-00 114.6569 125.1144 0.0583 0.0452 -1.8265 0.0178 56.0259 0.0972 740.3110 0.1501 -1.8265 0.0178 12
2021-12-24_08-48-00 229.4838 157.7515 0.0694 0.0559 -1.7622 0.0162 55.6749 0.0425 740.3177 0.1269 -1.7622 0.0162 12
2021-12-24_08-49-00 217.6025 146.1550 0.0944 0.0664 -1.7453 0.0133 55.6377 0.0885 740.2569 0.1461 -1.7453 0.0133 12
2021-12-24_08-50-00 262.3775 154.0239 0.0805 0.0834 -1.7360 0.0101 55.5982 0.0656 740.3515 0.1263 -1.7360 0.0101 12
2021-12-24_08-51-00 193.6438 166.1167 0.0722 0.0722 -1.7292 0.0306 55.2418 0.2959 740.2907 0.1404 -1.7292 0.0306 12
2021-12-24_08-52-00 221.7809 155.6715 0.0750 0.0854 -1.6848 0.0190 55.2017 0.0791 740.3042 0.1205 -1.6848 0.0190 12
2021-12-24_08-53-00 190.3094 153.8623 0.0666 0.0666 -1.7420 0.0120 55.4698 0.0404 740.2839 0.1447 -1.7420 0.0120 12
2021-12-24_08-54-00 327.0267 20.7047 0.0583 0.0698 -1.7530 0.0124 55.6670 0.1269 740.3042 0.1045 -1.7530 0.0124 12
2021-12-24_08-55-00 331.4873 17.9853 0.0583 0.0474 -1.7938 0.0173 55.8595 0.0803 740.3110 0.1239 -1.7938 0.0173 12
2021-12-24_08-56-00 314.8754 21.1642 0.0333 0.0284 -1.8147 0.0137 55.8346 0.1152 740.3651 0.1604 -1.8147 0.0137 12
2021-12-24_08-57-00 270.7844 106.3781 0.0722 0.0648 -1.8468 0.0116 56.0179 0.0461 740.3042 0.1154 -1.8468 0.0116 12
2021-12-24_08-58-00 254.4626 144.0970 0.0805 0.0673 -1.8698 0.0100 56.0984 0.0755 740.2839 0.1223 -1.8698 0.0100 12
2021-12-24_08-59-00 247.3478 128.9842 0.0972 0.0300 -1.8732 0.0090 56.1123 0.0365 740.2366 0.1404 -1.8732 0.0090 12
2021-12-24_09-00-00 277.2812 89.7932 0.0916 0.0753 -1.8867 0.0204 56.4878 0.2216 740.2907 0.1221 -1.8867 0.0204 12
2021-12-24_09-01-00 251.0622 111.3246 0.0555 0.0385 -1.9969 0.0254 57.2834 0.2846 740.3312 0.1315 -1.9969 0.0254 12
2021-12-24_09-02-00 257.6129 101.9927 0.0722 0.0371 -2.0842 0.0170 57.8789 0.0658 740.3312 0.1269 -2.0843 0.0170 12
2021-12-24_09-03-00 302.3560 21.5391 0.0555 0.0457 -2.1187 0.0098 57.9273 0.0420 740.3110 0.1287 -2.1187 0.0098 12
2021-12-24_09-04-00 294.1851 25.5954 0.0305 0.0264 -2.1153 0.0089 57.9611 0.0551 740.3312 0.1360 -2.1153 0.0089 12
2021-12-24_09-05-00 256.3988 124.1317 0.0472 0.0300 -2.1128 0.0090 57.9403 0.0310 740.3245 0.1247 -2.1128 0.0090 12
2021-12-24_09-06-00 307.5926 19.1166 0.0694 0.0437 -2.1145 0.0075 57.9496 0.1192 740.3380 0.1287 -2.1145 0.0075 12
2021-12-24_09-07-00 270.3044 86.8100 0.0528 0.0437 -2.0785 0.0110 57.7899 0.1339 740.3718 0.1221 -2.0785 0.0110 12
2021-12-24_09-08-00 234.3643 134.4871 0.0639 0.0481 -2.0801 0.0144 57.6737 0.1478 740.2974 0.0999 -2.0801 0.0144 12
2021-12-24_09-09-00 300.7278 92.0138 0.0528 0.0413 -2.0553 0.0110 57.4567 0.0929 740.3245 0.1094 -2.0553 0.0110 12
2021-12-24_09-10-00 217.5824 140.8838 0.0639 0.0521 -2.0096 0.0207 57.1292 0.0661 740.2704 0.1355 -2.0096 0.0207 12
2021-12-24_09-11-00 154.8594 168.1190 0.0666 0.0603 -1.9852 0.0154 56.9263 0.0984 740.2771 0.1119 -1.9852 0.0154 12
2021-12-24_09-12-00 173.6295 160.9111 0.0472 0.0264 -1.9725 0.0136 56.8373 0.1122 740.2298 0.1139 -1.9725 0.0136 12
2021-12-24_09-13-00 209.2155 156.7080 0.0777 0.0457 -1.9825 0.0122 57.0031 0.0711 740.2704 0.1355 -1.9825 0.0122 12
2021-12-24_09-14-00 129.4786 139.2045 0.0889 0.0782 -1.9608 0.0173 56.5367 0.1240 740.2298 0.1461 -1.9608 0.0173 12
2021-12-24_09-15-00 275.5790 110.2271 0.0583 0.0712 -1.9450 0.0224 56.7881 0.1277 740.2772 0.1064 -1.9450 0.0224 12
2021-12-24_09-16-00 183.4106 163.2107 0.0639 0.0540 -2.0063 0.0262 57.1128 0.0783 740.2433 0.1094 -2.0063 0.0262 12
2021-12-24_09-17-00 159.0059 163.7775 0.0972 0.0688 -2.0352 0.0100 57.1675 0.0293 740.2163 0.1355 -2.0352 0.0100 12
2021-12-24_09-18-00 205.9431 171.7219 0.0472 0.0413 -2.0310 0.0074 57.1828 0.1156 740.3245 0.1198 -2.0310 0.0074 12
2021-12-24_09-19-00 78.6348 127.8345 0.0528 0.0540 -2.0082 0.0092 57.0009 0.0329 740.2974 0.1112 -2.0083 0.0092 12
2021-12-24_09-20-00 177.7620 171.1426 0.0472 0.0717 -2.0093 0.0089 56.9937 0.1379 740.2839 0.1317 -2.0093 0.0089 12
2021-12-24_09-21-00 204.4770 166.7624 0.0278 0.0239 -1.9861 0.0172 56.7354 0.0922 740.2501 0.1171 -1.9861 0.0172 12
2021-12-24_09-22-00 126.0442 132.9547 0.0250 0.0322 -1.9450 0.0202 56.3617 0.0981 740.2569 0.0904 -1.9450 0.0202 12
2021-12-24_09-23-00 137.5135 162.3423 0.0583 0.0740 -1.9093 0.0094 56.2832 0.1344 740.2231 0.1101 -1.9093 0.0094 12
2021-12-24_09-24-00 291.7148 132.9327 0.0278 0.0446 -1.9442 0.0168 56.4899 0.0961 740.2501 0.1315 -1.9442 0.0168 12
2021-12-24_09-25-00 103.0496 152.2574 0.0389 0.0422 -1.9742 0.0173 56.7234 0.2289 740.2298 0.1287 -1.9742 0.0173 12
2021-12-24_09-26-00 135.7673 158.9613 0.0361 0.0413 -2.0185 0.0107 57.0210 0.1182 740.2366 0.1221 -2.0185 0.0107 12
2021-12-24_09-27-00 150.9250 162.4106 0.0444 0.0358 -2.0589 0.0285 57.6312 0.1768 740.2298 0.1287 -2.0589 0.0285 12
2021-12-24_09-28-00 151.3930 157.1453 0.0611 0.0398 -2.1087 0.0123 57.4885 0.1774 740.2231 0.1300 -2.1087 0.0123 12
2021-12-24_09-29-00 225.9934 159.9739 0.0416 0.0322 -2.0937 0.0134 57.6091 0.1862 740.2298 0.0968 -2.0937 0.0134 12
2021-12-24_09-30-00 121.8797 159.6495 0.0500 0.0438 -2.1897 0.0374 58.2597 0.0854 740.2636 0.1045 -2.1897 0.0374 12
2021-12-24_09-31-00 209.9016 174.4224 0.0555 0.0457 -2.2247 0.0300 57.8608 0.3496 740.2771 0.1221 -2.2247 0.0300 12
2021-12-24_09-32-00 145.3203 175.3859 0.0472 0.0413 -2.1353 0.0210 57.1328 0.1716 740.2839 0.1317 -2.1353 0.0210 12
2021-12-24_09-33-00 259.2951 152.2228 0.0472 0.0388 -2.0715 0.0249 56.5200 0.1315 740.2569 0.1377 -2.0715 0.0249 12
2021-12-24_09-34-00 228.9737 165.6109 0.0444 0.0434 -2.0657 0.0193 56.6798 0.1437 740.2501 0.1221 -2.0657 0.0193 12
2021-12-24_09-35-00 203.7589 160.7873 0.0167 0.0333 -2.1307 0.0316 57.2572 0.2347 740.2569 0.1239 -2.1307 0.0316 12
2021-12-24_09-36-00 276.2991 73.9613 0.0417 0.0405 -2.2522 0.0293 57.6337 0.1461 740.2569 0.1085 -2.2522 0.0293 12
2021-12-24_09-37-00 246.3017 109.8102 0.0278 0.0312 -2.1906 0.0511 56.7908 0.2328 740.2163 0.1112 -2.1906 0.0511 12
2021-12-24_09-38-00 261.0373 125.6244 0.0361 0.0361 -2.0648 0.0285 56.1079 0.1063 740.2095 0.1360 -2.0648 0.0285 12
2021-12-24_09-39-00 233.5522 161.5329 0.0500 0.0460 -1.9628 0.0437 55.3738 0.1509 740.2501 0.1404 -1.9628 0.0437 12
2021-12-24_09-40-00 71.3660 128.0605 0.0694 0.0413 -1.9367 0.0144 55.5120 0.0924 740.2704 0.0871 -1.9367 0.0144 12
2021-12-24_09-41-00 320.5400 30.7678 0.0861 0.0540 -1.9921 0.0185 55.8161 0.0880 740.2095 0.1486 -1.9921 0.0185 12
2021-12-24_09-42-00 12.8334 13.5251 0.0889 0.0519 -2.0208 0.0255 55.9428 0.1835 740.2569 0.1028 -2.0208 0.0255 12
2021-12-24_09-43-00 158.2918 159.9010 0.1000 0.0710 -2.0519 0.0125 56.1416 0.1341 740.2501 0.1064 -2.0519 0.0125 12
2021-12-24_09-44-00 253.1524 147.2529 0.0833 0.0643 -2.0809 0.0165 56.3091 0.1127 740.2028 0.1271 -2.0809 0.0165 12
2021-12-24_09-45-00 184.0807 164.8785 0.0722 0.0468 -2.0785 0.0092 56.3164 0.1149 740.1892 0.1310 -2.0785 0.0092 12
2021-12-24_09-46-00 125.1821 164.7731 0.0583 0.0322 -2.0895 0.0087 56.3123 0.0415 740.2298 0.1461 -2.0895 0.0087 12
2021-12-24_09-47-00 202.9408 175.2979 0.0528 0.0459 -2.0673 0.0136 56.1294 0.1702 740.2501 0.0945 -2.0673 0.0136 12
2021-12-24_09-48-00 75.5985 127.4592 0.0583 0.0515 -2.0656 0.0128 56.0938 0.1263 740.2298 0.1139 -2.0656 0.0128 12
2021-12-24_09-49-00 86.3757 124.9197 0.0583 0.0405 -2.0742 0.0125 56.1474 0.0439 740.2028 0.1317 -2.0742 0.0125 12
2021-12-24_09-50-00 146.3644 178.1316 0.0361 0.0300 -2.0688 0.0257 55.7418 0.1847 740.3110 0.1190 -2.0688 0.0257 12
2021-12-24_09-51-00 75.9445 111.4467 0.0444 0.0457 -2.0343 0.0089 55.7597 0.0762 740.2636 0.1205 -2.0343 0.0089 12
2021-12-24_09-52-00 130.2746 154.4773 0.0694 0.0501 -2.0243 0.0232 55.8807 0.1931 740.2095 0.1221 -2.0243 0.0232 12
2021-12-24_09-53-00 110.7764 143.1665 0.0278 0.0343 -2.0970 0.0183 56.3252 0.2627 740.2636 0.1205 -2.0970 0.0183 12
2021-12-24_09-54-00 213.8840 150.9740 0.0861 0.0594 -2.1337 0.0094 56.4010 0.1486 740.1690 0.1486 -2.1337 0.0094 12
2021-12-24_09-55-00 210.9717 164.2720 0.0722 0.0312 -2.1773 0.0365 56.5457 0.1723 740.2231 0.1205 -2.1773 0.0365 12
2021-12-24_09-56-00 223.9412 155.6519 0.0500 0.0333 -2.2665 0.0129 57.1332 0.1698 740.2028 0.1271 -2.2665 0.0129 12
2021-12-24_09-57-00 101.9775 148.6867 0.1055 0.0489 -2.3024 0.0121 57.2891 0.0969 740.1960 0.1404 -2.3024 0.0121 12
2021-12-24_09-58-00 68.6697 131.6052 0.0666 0.0586 -2.3009 0.0196 57.1538 0.0677 740.1554 0.1445 -2.3009 0.0196 12
2021-12-24_09-59-00 79.3169 107.7838 0.0305 0.0332 -2.3807 0.0282 57.6243 0.2512 740.1960 0.1269 -2.3807 0.0282 12
2021-12-24_10-00-00 246.3857 151.3779 0.0500 0.0414 -2.4225 0.0111 57.7593 0.1219 740.1757 0.1377 -2.4225 0.0111 12
2021-12-24_10-01-00 121.6957 148.1040 0.0528 0.0559 -2.3137 0.0461 57.1158 0.1188 740.1216 0.1271 -2.3137 0.0461 12
2021-12-24_10-02-00 133.7750 152.8883 0.0861 0.0521 -2.2138 0.0338 56.6775 0.1709 740.0946 0.1287 -2.2138 0.0338 12
2021-12-24_10-03-00 155.8855 169.8051 0.1138 0.0459 -2.1728 0.0105 56.4346 0.0562 740.0946 0.1501 -2.1728 0.0105 12
2021-12-24_10-04-00 138.0315 157.2198 0.1055 0.0648 -2.2117 0.0232 56.5783 0.0549 740.0743 0.1640 -2.2117 0.0232 12
2021-12-24_10-05-00 262.3775 118.4953 0.0583 0.0429 -2.1915 0.0284 56.4320 0.0593 740.1216 0.1121 -2.1915 0.0284 12
2021-12-24_10-06-00 273.9368 82.4997 0.0666 0.0512 -2.2707 0.0800 57.1629 0.3063 740.1554 0.1403 -2.2707 0.0800 12
2021-12-24_10-07-00 245.1015 144.4332 0.0611 0.0398 -2.4223 0.0187 57.7928 0.1594 740.1757 0.1377 -2.4223 0.0187 12
2021-12-24_10-08-00 213.6420 151.0457 0.0583 0.0534 -2.4865 0.0259 58.3620 0.1438 740.1419 0.1627 -2.4865 0.0259 12
2021-12-24_10-09-00 188.0231 156.1755 0.1083 0.0683 -2.4286 0.0800 57.5882 0.5083 740.0676 0.1139 -2.4286 0.0800 12
2021-12-24_10-10-00 308.9047 92.2022 0.0528 0.0540 -2.1719 0.0508 56.5325 0.1517 740.1149 0.1603 -2.1719 0.0508 12
2021-12-24_10-11-00 134.6511 157.0035 0.0555 0.0457 -2.1205 0.0378 56.6994 0.3471 740.1284 0.1315 -2.1205 0.0378 12
2021-12-24_10-12-00 207.1593 173.6106 0.0417 0.0495 -2.2842 0.0446 57.2707 0.1168 740.1352 0.1440 -2.2843 0.0446 12
2021-12-24_10-13-00 285.8561 80.7287 0.0666 0.0586 -2.3205 0.0319 57.2589 0.1441 740.1352 0.1165 -2.3205 0.0319 12
2021-12-24_10-14-00 229.2138 145.5373 0.0861 0.0688 -2.2665 0.0129 56.9785 0.0647 740.0676 0.1239 -2.2665 0.0129 12
2021-12-24_10-15-00 124.2720 165.7443 0.0750 0.0474 -2.2368 0.0209 56.6928 0.1217 740.0405 0.1447 -2.2368 0.0209 12
2021-12-24_10-16-00 177.6140 176.0781 0.0916 0.0605 -2.1858 0.0183 56.3924 0.0482 740.0338 0.1269 -2.1858 0.0183 12
2021-12-24_10-17-00 232.5241 148.9009 0.0694 0.0300 -2.1245 0.0205 56.1663 0.0605 740.0676 0.1332 -2.1245 0.0205 12
2021-12-24_10-18-00 190.0074 151.7939 0.0694 0.0703 -2.0987 0.0078 56.2315 0.1165 740.0202 0.1552 -2.0987 0.0078 12
2021-12-24_10-19-00 181.0423 172.4496 0.1722 0.0664 -2.0758 0.0236 56.0401 0.1651 740.0270 0.1355 -2.0758 0.0236 12
2021-12-24_10-20-00 128.2284 158.6715 0.0694 0.0413 -1.9811 0.0211 55.6462 0.0991 740.0270 0.1521 -1.9811 0.0211 12
2021-12-24_10-21-00 85.7156 125.4406 0.0694 0.0521 -1.9850 0.0131 55.7742 0.1492 740.0337 0.1360 -1.9850 0.0131 12
2021-12-24_10-22-00 269.8983 115.1135 0.1055 0.0648 -1.9525 0.0209 55.5976 0.1585 739.8985 0.1345 -1.9525 0.0209 12
2021-12-24_10-23-00 234.4263 140.1294 0.1222 0.0845 -1.9029 0.0123 55.3711 0.0977 739.9188 0.1384 -1.9029 0.0123 12
2021-12-24_10-24-00 221.1148 141.6958 0.0666 0.0348 -1.9473 0.0283 55.5911 0.1210 739.9323 0.1420 -1.9473 0.0283 12
2021-12-24_10-25-00 301.0198 87.3107 0.1277 0.0862 -1.9884 0.0142 55.5154 0.1011 739.9053 0.1579 -1.9884 0.0142 12
2021-12-24_10-26-00 331.8373 17.5449 0.1527 0.0784 -2.0351 0.0356 55.8738 0.1836 739.9323 0.1287 -2.0351 0.0356 12
2021-12-24_10-27-00 224.0632 151.6879 0.1388 0.0509 -2.1513 0.0260 56.3113 0.0628 739.9188 0.1426 -2.1513 0.0260 12
2021-12-24_10-28-00 121.0516 167.0764 0.1083 0.0753 -2.1839 0.0347 56.7041 0.1408 739.8715 0.1221 -2.1839 0.0347 12
2021-12-24_10-29-00 182.3205 169.7936 0.1777 0.0856 -2.3018 0.0267 57.1632 0.2082 739.8715 0.1445 -2.3018 0.0267 12
2021-12-24_10-30-00 100.4153 130.5955 0.1610 0.0826 -2.3788 0.0210 57.5320 0.1331 739.8580 0.1300 -2.3788 0.0210 12
2021-12-24_10-31-00 269.8703 118.7087 0.0889 0.0701 -2.4065 0.0571 57.9632 0.3692 739.8850 0.1269 -2.4065 0.0571 12
2021-12-24_10-32-00 198.1483 150.0289 0.0750 0.0452 -2.6133 0.0636 58.7557 0.3593 739.8985 0.1300 -2.6133 0.0636 12
2021-12-24_10-33-00 262.6535 126.7330 0.1138 0.0481 -2.7907 0.0494 59.9552 0.2634 739.8782 0.1712 -2.7907 0.0494 12
2021-12-24_10-34-00 304.0682 13.9668 0.0639 0.0688 -2.8820 0.0095 60.1870 0.0524 739.8782 0.1271 -2.8820 0.0095 12
2021-12-24_10-35-00 303.3001 18.0651 0.0444 0.0499 -2.9507 0.0394 60.4570 0.1906 739.8782 0.1121 -2.9508 0.0394 12
2021-12-24_10-36-00 278.0492 89.9808 0.0861 0.0594 -2.9492 0.0589 60.5696 0.2327 739.8174 0.1300 -2.9492 0.0589 12
2021-12-24_10-37-00 188.9692 158.5352 0.1000 0.0899 -2.7240 0.0656 59.4738 0.3995 739.7768 0.1389 -2.7240 0.0656 12
2021-12-24_10-38-00 221.6829 158.4243 0.0889 0.0656 -2.4996 0.0558 58.5580 0.2692 739.7701 0.0904 -2.4996 0.0558 12
2021-12-24_10-39-00 125.9642 144.0996 0.0805 0.0610 -2.3621 0.0315 57.7958 0.1488 739.7836 0.1398 -2.3621 0.0315 12
2021-12-24_10-40-00 75.4645 126.5783 0.1194 0.0501 -2.2088 0.0756 56.7472 0.4579 739.6619 0.1239 -2.2088 0.0756 12
2021-12-24_10-41-00 150.8350 167.8379 0.1305 0.0904 -1.8847 0.1199 54.9944 0.5565 739.7768 0.0923 -1.8847 0.1199 12
2021-12-24_10-42-00 213.3260 140.9850 0.0889 0.0538 -1.5467 0.0639 53.3764 0.1697 739.7903 0.0945 -1.5467 0.0639 12
2021-12-24_10-43-00 257.9390 127.6234 0.0833 0.0577 -1.5148 0.0262 53.5503 0.2379 739.7295 0.1057 -1.5147 0.0262 12
2021-12-24_10-44-00 156.4496 158.3848 0.1361 0.0771 -1.6411 0.0292 53.9271 0.1955 739.7295 0.1215 -1.6411 0.0292 12
2021-12-24_10-45-00 202.7248 169.2609 0.1388 0.0736 -1.6319 0.0433 53.6796 0.4663 739.7024 0.1112 -1.6319 0.0433 12
2021-12-24_10-46-00 233.1062 158.2900 0.1361 0.0822 -1.4147 0.0527 52.5762 0.1839 739.7295 0.1112 -1.4147 0.0527 12
2021-12-24_10-47-00 177.0079 155.3595 0.1250 0.0877 -1.4633 0.0540 53.2853 0.2278 739.7024 0.1398 -1.4633 0.0540 12
2021-12-24_10-48-00 63.4691 104.5990 0.0833 0.0731 -1.4368 0.0307 52.7158 0.1706 739.6889 0.1287 -1.4368 0.0307 12
2021-12-24_10-49-00 195.6320 152.2722 0.1250 0.0740 -1.5215 0.0641 53.7789 0.2683 739.6754 0.1147 -1.5215 0.0641 12
2021-12-24_10-50-00 240.8091 147.6412 0.0916 0.0753 -1.6360 0.0171 54.0266 0.3468 739.7092 0.1119 -1.6360 0.0171 12
2021-12-24_10-51-00 297.9355 96.4210 0.0639 0.0937 -1.7930 0.0808 55.0746 0.2814 739.6957 0.1300 -1.7930 0.0808 12
2021-12-24_10-52-00 155.8075 168.7782 0.0583 0.0474 -2.0369 0.0789 56.2788 0.4864 739.7430 0.1419 -2.0369 0.0789 12
2021-12-24_10-53-00 278.8113 122.1873 0.1138 0.0758 -2.1000 0.0952 56.1824 0.6357 739.6754 0.1585 -2.1000 0.0952 12
2021-12-24_10-54-00 104.9478 128.4069 0.1388 0.0885 -1.6908 0.0768 54.5835 0.4852 739.7024 0.1215 -1.6908 0.0768 12
2021-12-24_10-55-00 90.0361 152.3276 0.0916 0.0854 -1.7655 0.0234 54.7866 0.2683 739.6686 0.1171 -1.7655 0.0234 12
2021-12-24_10-56-00 273.1247 123.6487 0.0861 0.0643 -1.8225 0.0405 55.5628 0.2095 739.6348 0.1528 -1.8225 0.0405 12
2021-12-24_10-57-00 248.7560 142.5088 0.1472 0.0758 -1.8582 0.0079 55.5816 0.1012 739.6957 0.1101 -1.8582 0.0079 12
2021-12-24_10-58-00 233.2142 140.2476 0.1083 0.0621 -1.9921 0.0866 56.3912 0.3809 739.7430 0.1653 -1.9921 0.0866 12
2021-12-24_10-59-00 225.8754 155.6338 0.1583 0.0379 -2.2067 0.0413 57.4513 0.1612 739.6822 0.1269 -2.2067 0.0413 12
2021-12-24_11-00-00 228.3337 162.6937 0.1916 0.0793 -2.2983 0.0850 58.3705 0.5124 739.6416 0.1119 -2.2983 0.0850 12
2021-12-24_11-01-00 249.8901 145.9218 0.1000 0.0512 -2.6574 0.1332 60.3029 0.6397 739.6754 0.1198 -2.6574 0.1332 12
2021-12-24_11-02-00 224.3392 119.0117 0.1000 0.0876 -2.7898 0.0229 60.9099 0.3971 739.7227 0.1315 -2.7898 0.0229 12
2021-12-24_11-03-00 133.8070 145.3533 0.1250 0.0975 -2.9595 0.0854 62.4304 0.4029 739.6213 0.1112 -2.9595 0.0854 12
2021-12-24_11-04-00 122.3417 149.5499 0.1361 0.0481 -3.1503 0.0474 63.6635 0.4080 739.5334 0.1205 -3.1503 0.0474 12
2021-12-24_11-05-00 256.4708 110.1514 0.1138 0.0892 -3.2767 0.0236 64.4802 0.0631 739.5943 0.1148 -3.2767 0.0236 12
2021-12-24_11-06-00 209.9836 155.8227 0.0694 0.0481 -3.2735 0.0121 64.5847 0.0733 739.6146 0.0924 -3.2735 0.0121 12
2021-12-24_11-07-00 139.8677 139.0269 0.1027 0.0904 -3.1779 0.0494 63.9623 0.3892 739.5605 0.1269 -3.1779 0.0494 12
2021-12-24_11-08-00 166.0347 154.5275 0.1444 0.0729 -2.8920 0.1060 61.9798 0.4433 739.4996 0.1501 -2.8920 0.1060 12
2021-12-24_11-09-00 182.8185 174.7604 0.1499 0.0674 -2.7258 0.0116 61.2107 0.1455 739.5402 0.1398 -2.7258 0.0116 12
2021-12-24_11-10-00 177.3399 168.8439 0.1027 0.0627 -2.6723 0.0288 60.8352 0.0605 739.5740 0.1389 -2.6723 0.0288 12
2021-12-24_11-11-00 178.8161 171.2518 0.0833 0.0522 -2.6316 0.0163 60.5603 0.1360 739.5807 0.1085 -2.6316 0.0163 12
2021-12-24_11-12-00 135.4312 155.1951 0.1138 0.0744 -2.5788 0.0108 60.4322 0.0378 739.5266 0.1333 -2.5788 0.0108 12
2021-12-24_11-13-00 84.0134 135.5996 0.1361 0.0731 -2.5264 0.0388 60.0607 0.2173 739.5672 0.1441 -2.5264 0.0388 12
2021-12-24_11-14-00 135.3432 160.3242 0.1194 0.0834 -2.5453 0.0229 60.4447 0.3715 739.4928 0.1590 -2.5453 0.0229 12
2021-12-24_11-15-00 171.7813 155.8830 0.1388 0.0862 -2.3507 0.0709 58.9051 0.2684 739.5131 0.1427 -2.3508 0.0709 12
2021-12-24_11-16-00 83.7674 120.8742 0.0889 0.0434 -2.2009 0.0363 58.3334 0.1207 739.4658 0.1269 -2.2009 0.0363 12
2021-12-24_11-17-00 191.7315 160.9605 0.0944 0.0422 -2.1438 0.0207 58.2217 0.0510 739.4726 0.1405 -2.1438 0.0207 12
2021-12-24_11-18-00 233.2162 151.1848 0.1166 0.0559 -2.1859 0.0160 58.2363 0.1597 739.4523 0.1346 -2.1859 0.0160 12
2021-12-24_11-19-00 226.7695 126.7748 0.0666 0.0586 -2.1312 0.0198 58.1295 0.0747 739.4387 0.1360 -2.1312 0.0198 12
2021-12-24_11-20-00 190.5654 151.1434 0.1333 0.0651 -2.0817 0.0190 58.0284 0.1371 739.3576 0.1813 -2.0817 0.0190 12
2021-12-24_11-21-00 126.5142 147.5650 0.1027 0.0673 -2.0697 0.0131 58.0447 0.1096 739.3847 0.1403 -2.0698 0.0131 12
2021-12-24_11-22-00 112.3706 146.3448 0.1055 0.0802 -2.0427 0.0129 57.7809 0.0541 739.4049 0.1440 -2.0428 0.0129 12
2021-12-24_11-23-00 72.3501 100.6888 0.0972 0.0673 -2.0047 0.0149 57.9033 0.1350 739.3847 0.1221 -2.0047 0.0149 12
2021-12-24_11-24-00 177.6380 148.3319 0.1166 0.0541 -2.0192 0.0220 58.0151 0.0358 739.3238 0.1521 -2.0192 0.0220 12
2021-12-24_11-25-00 282.0357 117.6981 0.1333 0.0681 -2.1002 0.0294 58.3284 0.1392 739.3779 0.1398 -2.1002 0.0294 12
2021-12-24_11-26-00 160.6080 163.5026 0.1583 0.1026 -2.2102 0.0236 58.7145 0.0429 739.3914 0.1173 -2.2102 0.0236 12
2021-12-24_11-27-00 97.0609 141.8027 0.1722 0.0708 -2.2159 0.0117 58.6829 0.0841 739.2832 0.1758 -2.2159 0.0117 12
2021-12-24_11-28-00 49.2655 95.8147 0.1194 0.0870 -2.2295 0.0363 58.8784 0.3590 739.2494 0.1345 -2.2295 0.0363 12
2021-12-24_11-29-00 127.9484 127.6993 0.1222 0.0556 -2.3684 0.0173 59.6812 0.0945 739.2968 0.1440 -2.3684 0.0173 12
2021-12-24_11-30-00 74.5224 127.6423 0.1361 0.0892 -2.3843 0.0328 60.0474 0.4636 739.3373 0.1239 -2.3843 0.0328 12
2021-12-24_11-31-00 198.1683 145.0403 0.1499 0.0822 -2.5478 0.0376 61.0831 0.1364 739.3170 0.1640 -2.5478 0.0376 12
2021-12-24_11-32-00 240.2790 120.4811 0.1499 0.1096 -2.5780 0.0176 61.1332 0.1752 739.2900 0.1253 -2.5780 0.0176 12
2021-12-24_11-33-00 200.3665 154.2755 0.1610 0.0776 -2.5422 0.0079 60.7266 0.0935 739.2494 0.0986 -2.5422 0.0079 12
2021-12-24_11-34-00 113.2267 144.5977 0.1583 0.0767 -2.5097 0.0161 60.5702 0.0338 739.2968 0.1355 -2.5097 0.0161 12
2021-12-24_11-35-00 183.1986 135.3620 0.1638 0.0688 -2.5001 0.0093 60.7360 0.0383 739.2629 0.1676 -2.5001 0.0093 12
2021-12-24_11-36-00 119.8315 136.5455 0.1638 0.0904 -2.4976 0.0105 60.5159 0.0928 739.2359 0.1269 -2.4976 0.0105 12
2021-12-24_11-37-00 171.1212 158.2184 0.1833 0.0870 -2.4870 0.0055 60.3823 0.0430 739.2156 0.1215 -2.4870 0.0055 12
2021-12-24_11-38-00 240.3950 148.6796 0.1000 0.0681 -2.4710 0.0131 60.3587 0.0648 739.3441 0.1486 -2.4710 0.0131 12
2021-12-24_11-39-00 105.3578 135.4912 0.1610 0.0789 -2.4602 0.0100 60.5743 0.0939 739.2359 0.1360 -2.4602 0.0100 12
2021-12-24_11-40-00 117.7732 155.2900 0.1638 0.0784 -2.4820 0.0147 60.8417 0.1261 739.2629 0.1171 -2.4820 0.0147 12
2021-12-24_11-41-00 256.1208 121.5486 0.1138 0.0846 -2.5157 0.0181 61.1188 0.0711 739.3644 0.1332 -2.5157 0.0181 12
2021-12-24_11-42-00 229.0437 140.3522 0.1222 0.0967 -2.5613 0.0115 61.3676 0.1231 739.3170 0.1526 -2.5613 0.0115 12
2021-12-24_11-43-00 319.9520 18.3272 0.0833 0.0659 -2.6198 0.0315 61.7229 0.0645 739.3711 0.1432 -2.6198 0.0315 12
2021-12-24_11-44-00 267.6721 34.7757 0.0583 0.0452 -2.6531 0.0069 62.0098 0.0747 739.4252 0.1315 -2.6531 0.0069 12
2021-12-24_11-45-00 297.1854 38.9428 0.1055 0.0648 -2.6216 0.0128 61.9297 0.0790 739.3779 0.1635 -2.6216 0.0128 12
2021-12-24_11-46-00 256.3508 141.6152 0.1416 0.0767 -2.5756 0.0138 61.6839 0.0622 739.2494 0.1473 -2.5756 0.0138 12
2021-12-24_11-47-00 315.6035 20.1197 0.1250 0.0900 -2.5832 0.0336 61.9505 0.1500 739.2900 0.1389 -2.5832 0.0336 12
2021-12-24_11-48-00 301.8099 24.3939 0.0889 0.0434 -2.6707 0.0173 62.0679 0.0802 739.3847 0.1269 -2.6707 0.0173 12
2021-12-24_11-49-00 257.6850 84.5590 0.0639 0.0594 -2.7025 0.0106 62.2991 0.0557 739.4320 0.1508 -2.7025 0.0106 12
2021-12-24_11-50-00 247.7598 51.5854 0.0056 0.0192 -2.6492 0.0226 62.3410 0.1316 739.4455 0.1239 -2.6493 0.0226 12
2021-12-24_11-51-00 147.1465 116.9960 0.0194 0.0223 -2.5488 0.0406 62.0803 0.1301 739.4320 0.1384 -2.5488 0.0406 12
2021-12-24_11-52-00 238.3928 111.3023 0.0472 0.0521 -2.4793 0.0089 61.9243 0.1433 739.3711 0.1045 -2.4793 0.0089 12
2021-12-24_11-53-00 280.8596 20.7964 0.0222 0.0296 -2.4644 0.0246 61.3232 0.3951 739.3509 0.1247 -2.4644 0.0246 12
2021-12-24_11-54-00 197.2142 31.8470 0.0083 0.0289 -2.4258 0.0207 61.6471 0.1338 739.4455 0.1377 -2.4258 0.0207 12
2021-12-24_12-10-00 259.4452 4.0395 0.0666 0.0471 -3.0740 0.0000 65.8305 0.0785 739.3509 0.2295 -3.0740 0.0000 2
2021-12-24_12-11-00 208.6954 98.4494 0.0139 0.0223 -2.9989 0.0245 65.7376 0.0742 739.3644 0.1501 -2.9989 0.0245 12
2021-12-24_12-12-00 144.6383 86.9675 0.0111 0.0217 -2.9022 0.0289 65.4052 0.1958 739.3103 0.1712 -2.9022 0.0289 12
2021-12-24_12-13-00 132.8229 140.5042 0.0722 0.0468 -2.8179 0.0180 65.1004 0.1513 739.2629 0.1119 -2.8179 0.0180 12
2021-12-24_12-14-00 150.7089 150.3760 0.0583 0.0474 -2.7683 0.0109 65.2780 0.1478 739.2629 0.1603 -2.7683 0.0109 12
2021-12-24_12-15-00 174.7856 169.9211 0.0333 0.0402 -2.8507 0.0703 66.6433 0.7609 739.3170 0.1221 -2.8507 0.0703 12
2021-12-24_12-16-00 143.4721 148.8092 0.0361 0.0559 -3.0919 0.0510 68.4503 0.2645 739.3509 0.1094 -3.0919 0.0510 12
2021-12-24_12-17-00 185.7689 154.2559 0.0389 0.0489 -3.2033 0.0267 69.0536 0.1712 739.2494 0.1253 -3.2033 0.0267 12
2021-12-24_12-18-00 191.2935 167.0619 0.0666 0.0449 -3.2622 0.0247 69.0622 0.1660 739.2697 0.1623 -3.2622 0.0247 12
2021-12-24_12-19-00 84.1395 128.3166 0.0361 0.0388 -3.2929 0.0147 69.0387 0.1453 739.2291 0.1317 -3.2929 0.0147 12
2021-12-24_12-20-00 126.3202 130.4556 0.0944 0.0528 -3.2920 0.0144 69.3543 0.2127 739.1886 0.1426 -3.2920 0.0144 12
2021-12-24_12-21-00 132.6409 158.6118 0.0639 0.0501 -3.3033 0.0420 70.3725 0.3781 739.2156 0.1481 -3.3033 0.0420 12
2021-12-24_12-22-00 58.0485 82.9747 0.1194 0.0576 -3.4457 0.0486 71.7329 0.6089 739.1818 0.1221 -3.4457 0.0486 12
2021-12-24_12-23-00 225.3653 163.4135 0.0583 0.0474 -3.6036 0.0399 73.1637 0.1858 739.1886 0.1468 -3.6036 0.0399 12
2021-12-24_12-24-00 84.7855 121.8762 0.0666 0.0635 -3.7118 0.0200 74.0003 0.4084 739.1210 0.1028 -3.7118 0.0200 12
2021-12-24_12-25-00 111.2425 135.5554 0.0861 0.0771 -3.7157 0.0302 73.7583 0.3439 739.1074 0.1340 -3.7157 0.0302 12
2021-12-24_12-26-00 148.2987 150.7645 0.1305 0.0881 -3.6061 0.0386 72.8547 0.2425 739.0331 0.1006 -3.6061 0.0386 12
2021-12-24_12-27-00 68.2377 88.0057 0.1277 0.0897 -3.5192 0.0274 72.5825 0.2237 738.9722 0.1112 -3.5192 0.0274 12
2021-12-24_12-28-00 58.5026 95.7083 0.1305 0.1039 -3.4125 0.0246 71.8658 0.1745 738.9857 0.1405 -3.4125 0.0246 12
2021-12-24_12-29-00 224.9973 134.8250 0.0861 0.0658 -3.3386 0.0298 71.5199 0.0847 738.9925 0.1269 -3.3386 0.0298 12
2021-12-24_12-30-00 198.2963 101.5791 0.0444 0.0592 -3.2842 0.0195 71.1676 0.2131 739.0669 0.1066 -3.2842 0.0195 12
2021-12-24_12-31-00 209.8936 129.0625 0.1388 0.0694 -3.1933 0.0408 70.5398 0.3199 739.0060 0.1513 -3.1933 0.0408 12
2021-12-24_12-32-00 221.7029 146.8011 0.0861 0.0576 -3.1019 0.0187 70.2579 0.2812 738.9857 0.1173 -3.1019 0.0187 12
2021-12-24_12-33-00 228.3577 162.3613 0.0861 0.0797 -3.1302 0.0187 71.0739 0.2603 738.9452 0.1147 -3.1303 0.0187 12
2021-12-24_12-34-00 107.0740 141.5103 0.1083 0.0588 -3.1510 0.0147 71.7141 0.1511 738.9519 0.1403 -3.1510 0.0147 12
2021-12-24_12-35-00 73.2302 131.3170 0.0972 0.0822 -3.1772 0.0371 72.2954 0.5937 738.9452 0.1294 -3.1772 0.0371 12
2021-12-24_12-36-00 157.4777 170.8956 0.1555 0.0988 -3.3369 0.0730 74.2070 0.6821 738.9046 0.1271 -3.3369 0.0730 12
2021-12-24_12-37-00 220.6328 128.9929 0.1305 0.0881 -3.5843 0.0552 76.2371 0.4398 738.9046 0.1528 -3.5843 0.0552 12
2021-12-24_12-38-00 275.1609 84.1434 0.1138 0.1009 -3.7399 0.0573 77.5452 0.4424 738.9790 0.1565 -3.7399 0.0573 12
2021-12-24_12-39-00 168.4249 150.0799 0.0639 0.0521 -3.8687 0.0518 79.3747 0.5961 738.9857 0.1173 -3.8687 0.0518 12
2021-12-24_12-40-00 197.4342 134.4765 0.0861 0.0643 -3.9482 0.0424 79.6347 0.4926 738.8235 0.1405 -3.9482 0.0424 12
2021-12-24_12-41-00 73.7363 112.4189 0.1944 0.0897 -3.7998 0.0268 78.9256 0.1116 738.8099 0.1775 -3.7998 0.0268 12
2021-12-24_12-42-00 231.0900 143.1124 0.1472 0.0846 -3.6706 0.0405 77.9314 0.3283 738.7491 0.1486 -3.6706 0.0405 12
2021-12-24_12-43-00 94.5766 123.1916 0.1472 0.0627 -3.5992 0.0167 77.8054 0.0531 738.8235 0.1317 -3.5992 0.0167 12
2021-12-24_12-44-00 176.7679 164.9886 0.1027 0.0481 -3.5993 0.0116 77.9772 0.2294 738.8235 0.1641 -3.5993 0.0116 12
2021-12-24_12-45-00 157.0456 154.2709 0.1222 0.0795 -3.7414 0.0528 79.4471 0.3563 738.8911 0.1481 -3.7414 0.0528 12
2021-12-24_12-46-00 73.3582 71.0624 0.1305 0.1048 -3.8251 0.0342 80.4320 0.5286 738.9181 0.1598 -3.8251 0.0342 12
2021-12-24_12-47-00 207.6433 98.9433 0.0722 0.1033 -4.0013 0.0477 81.9759 0.3277 738.8437 0.1205 -4.0013 0.0477 12
2021-12-24_12-48-00 132.7169 94.5878 0.0972 0.0673 -3.9497 0.0711 80.4860 0.5180 738.8573 0.2031 -3.9497 0.0711 12
2021-12-24_12-49-00 133.5050 125.2987 0.1111 0.1174 -3.7592 0.0357 79.5116 0.4160 738.8640 0.1659 -3.7592 0.0357 12
2021-12-24_12-50-00 154.0373 157.4810 0.1888 0.1057 -3.6182 0.0261 78.3873 0.1429 738.7964 0.1653 -3.6182 0.0261 12
2021-12-24_12-51-00 239.5729 162.3310 0.1777 0.0538 -3.7118 0.0652 79.6610 0.5591 738.8370 0.1635 -3.7118 0.0652 12
2021-12-24_12-52-00 129.1485 153.4237 0.1083 0.0621 -3.9802 0.0856 82.0596 0.8229 738.8235 0.1712 -3.9802 0.0856 12
2021-12-24_12-53-00 287.8643 89.9803 0.1250 0.1231 -4.1814 0.0336 83.5650 0.3860 738.7491 0.1486 -4.1814 0.0336 12
2021-12-24_12-54-00 296.7213 37.5922 0.1860 0.0822 -4.0150 0.0512 82.0002 0.3114 738.7018 0.1384 -4.0150 0.0512 12
2021-12-24_12-55-00 312.3931 24.0749 0.1305 0.0744 -4.0545 0.0918 82.5514 0.6728 738.8099 0.1481 -4.0545 0.0918 12
2021-12-24_12-56-00 315.9595 19.0290 0.0777 0.0457 -4.2662 0.0461 84.0990 0.5990 738.8505 0.1541 -4.2662 0.0461 12
2021-12-24_12-57-00 258.6411 115.8484 0.0861 0.0521 -4.6274 0.1571 86.9789 0.9661 738.9046 0.1712 -4.6274 0.1571 12
2021-12-24_12-58-00 213.2560 151.0005 0.1138 0.0559 -4.7432 0.0683 87.8923 0.2192 738.7559 0.1598 -4.7432 0.0683 12
2021-12-24_12-59-00 198.4723 158.7450 0.0444 0.0592 -4.4912 0.0719 86.6497 0.4879 738.8370 0.1635 -4.4913 0.0719 12
2021-12-24_13-00-00 110.8785 147.8353 0.1194 0.0809 -4.3528 0.0215 85.9723 0.3103 738.8573 0.1446 -4.3527 0.0215 12
2021-12-24_13-01-00 181.3504 162.1448 0.1250 0.0668 -4.4618 0.0362 86.8241 0.2127 738.6950 0.1526 -4.4618 0.0362 12
2021-12-24_13-02-00 119.2974 159.7092 0.1388 0.0679 -4.4297 0.0524 86.4875 0.5530 738.8302 0.1640 -4.4297 0.0524 12
2021-12-24_13-03-00 296.5773 94.5724 0.0861 0.0576 -4.7962 0.1203 89.0693 0.7148 738.8573 0.1446 -4.7962 0.1203 12
2021-12-24_13-04-00 275.6370 123.4123 0.1111 0.0385 -4.8977 0.0562 90.0677 0.1338 738.8505 0.1287 -4.8977 0.0562 12
2021-12-24_13-05-00 203.7569 160.9566 0.0583 0.0474 -4.9195 0.0411 90.8059 0.2184 738.7829 0.1585 -4.9195 0.0411 12
2021-12-24_13-06-00 107.2140 121.1059 0.1555 0.0729 -4.7400 0.0966 89.8478 0.3418 738.7356 0.1526 -4.7400 0.0966 12
2021-12-24_13-07-00 162.0002 159.1899 0.1305 0.0784 -4.6033 0.0109 89.3538 0.1976 738.6747 0.1398 -4.6033 0.0109 12
2021-12-24_13-08-00 57.1964 93.3917 0.1472 0.0784 -4.5227 0.0262 88.7840 0.1804 738.7356 0.1269 -4.5227 0.0262 12
2021-12-24_13-09-00 115.1069 122.6811 0.0916 0.0889 -4.6612 0.0698 90.1104 0.5868 738.7220 0.1627 -4.6613 0.0698 12
2021-12-24_13-10-00 246.4757 118.9077 0.1805 0.1684 -4.7537 0.0132 91.1755 0.1205 738.6206 0.1384 -4.7537 0.0132 12
2021-12-24_13-11-00 40.8606 94.4713 0.2471 0.1417 -4.3772 0.2076 87.9578 1.5478 738.6409 0.1389 -4.3772 0.2076 12
2021-12-24_13-12-00 36.5801 25.9947 0.1860 0.0744 -4.1114 0.1013 86.8008 0.8401 738.6409 0.1513 -4.1114 0.1013 12
2021-12-24_13-13-00 102.2195 146.4536 0.1805 0.0797 -4.5075 0.0792 89.4692 0.5046 738.5327 0.1565 -4.5075 0.0792 12
2021-12-24_13-14-00 263.0476 105.6478 0.2138 0.0797 -4.3108 0.1178 88.1746 0.7318 738.3840 0.1711 -4.3108 0.1178 12
2021-12-24_13-15-00 287.1683 58.4282 0.1083 0.0379 -3.9591 0.0994 85.3522 0.8738 738.5665 0.0999 -3.9591 0.0994 12
2021-12-24_13-16-00 189.9853 165.3654 0.1555 0.1066 -3.7720 0.0190 83.8903 0.1404 738.5057 0.1315 -3.7720 0.0190 12
2021-12-24_13-17-00 155.1614 148.5521 0.1361 0.0784 -3.8772 0.0713 85.2485 0.7710 738.5801 0.1677 -3.8772 0.0713 12
2021-12-24_13-18-00 312.4511 22.7012 0.1610 0.1126 -4.1816 0.0698 86.8579 0.1425 738.6544 0.1603 -4.1816 0.0698 12
2021-12-24_13-19-00 298.3715 93.9900 0.0639 0.0576 -4.1601 0.0441 86.7387 0.0348 738.5936 0.1398 -4.1601 0.0441 12
2021-12-24_13-20-00 190.4214 150.1431 0.0555 0.0457 -4.1288 0.0239 87.2338 0.3081 738.5801 0.1604 -4.1288 0.0239 12
2021-12-24_13-21-00 165.9967 130.1249 0.1055 0.0897 -4.1398 0.0633 86.4802 1.0523 738.6139 0.1746 -4.1397 0.0633 12
2021-12-24_13-22-00 140.1598 132.3698 0.1027 0.0610 -3.9187 0.0403 84.4326 0.2740 738.5057 0.1404 -3.9187 0.0403 12
2021-12-24_13-23-00 86.1297 78.9281 0.0444 0.0574 -3.8660 0.0267 84.2744 0.2556 738.5868 0.1171 -3.8660 0.0267 12
2021-12-24_13-24-00 221.6409 125.2589 0.0555 0.0499 -3.9499 0.0227 84.5310 0.4443 738.6274 0.1526 -3.9499 0.0227 12
2021-12-24_13-25-00 212.3699 114.4569 0.0722 0.0648 -3.8358 0.0279 83.9460 0.2739 738.5868 0.1171 -3.8358 0.0279 12
2021-12-24_13-26-00 84.4755 116.8336 0.1694 0.0797 -3.8806 0.0656 85.1500 0.6328 738.5530 0.1579 -3.8806 0.0656 12
2021-12-24_13-27-00 210.0356 150.9350 0.1111 0.0556 -4.1296 0.0446 86.9282 0.2602 738.4854 0.1215 -4.1296 0.0446 12
2021-12-24_13-28-00 177.2579 158.2252 0.1472 0.0744 -3.9691 0.0966 84.8924 0.7316 738.4719 0.1501 -3.9691 0.0966 12
2021-12-24_13-29-00 241.7592 125.4962 0.0666 0.0603 -3.8099 0.0398 84.8390 0.8736 738.4786 0.0986 -3.8099 0.0398 12
2021-12-24_13-30-00 211.1737 144.5264 0.0805 0.0559 -3.9760 0.0391 86.9933 0.4743 738.4584 0.1247 -3.9760 0.0391 12
2021-12-24_13-31-00 195.2779 161.8560 0.2110 0.0808 -3.8973 0.0501 85.1409 0.2651 738.4178 0.1121 -3.8973 0.0501 12
2021-12-24_13-32-00 223.5291 163.4631 0.1499 0.1058 -3.8795 0.0289 85.6038 0.4191 738.4448 0.1139 -3.8795 0.0289 12
2021-12-24_13-33-00 135.4692 147.6581 0.1610 0.0826 -4.0296 0.0579 87.0001 0.4418 738.3907 0.1501 -4.0296 0.0579 12
2021-12-24_13-34-00 154.7574 155.9824 0.2138 0.1201 -4.0243 0.1012 85.6393 1.5006 738.3366 0.1447 -4.0243 0.1012 12
