Date, Time, mean WD (deg), sd WD (deg), mean WS (m.s), sd WS (m.s), mean T (C), sd T (C), mean RH (perc), sd RH (perc), mean P (mmHg), sd P (mmHg), mean WC (C), sd WC (C)
2021-05-23_00-01-00 234.5843 39.8675 6.3656 2.5849 -0.8400 0.0185 99.9980 0.0000 744.3990 0.1467 -6.4047 1.6707 23
2021-05-23_00-02-00 274.9310 18.5138 4.1539 1.2140 -0.8544 0.0092 99.9980 0.0000 744.4760 0.1287 -5.3430 0.8688 12
2021-05-23_00-03-00 282.6139 31.1368 4.4593 1.7624 -0.8478 0.0056 99.9980 0.0000 744.4219 0.0811 -5.4566 1.1892 12
2021-05-23_00-04-00 264.4238 26.0359 5.8116 2.1787 -0.8627 0.0049 99.9980 0.0000 744.3273 0.1215 -6.2616 1.2345 12
2021-05-23_00-05-00 246.0798 139.1026 2.6961 1.3480 -0.8635 0.0087 99.9980 0.0000 744.4625 0.1038 -4.0391 1.5228 12
2021-05-23_00-06-00 282.3339 25.8975 4.4593 1.7131 -0.8427 0.0115 99.9980 0.0000 744.4963 0.1486 -5.4539 1.1702 12
2021-05-23_00-07-00 259.5533 23.5768 4.4621 2.5290 -0.8270 0.0055 99.9980 0.0000 744.4287 0.1565 -4.9589 2.2607 12
2021-05-23_00-08-00 222.7831 14.2358 9.8266 1.0499 -0.8077 0.0039 99.9980 0.0000 744.5031 0.1223 -8.0293 0.3625 12
2021-05-23_00-09-00 229.6259 11.5806 9.9294 1.8017 -0.8227 0.0115 99.9980 0.0000 744.5031 0.1173 -8.0475 0.6779 12
2021-05-23_00-10-00 257.2310 10.3176 5.5034 0.7858 -0.8386 0.0096 99.9980 0.0000 744.4963 0.1064 -6.2278 0.4383 12
2021-05-23_00-11-00 288.1165 43.2672 2.2491 1.5178 -0.8635 0.0097 99.9980 0.0000 744.4355 0.1440 -3.3058 1.6810 12
2021-05-23_00-12-00 213.1721 119.3204 2.9238 1.1450 -0.8777 0.0094 99.9980 0.0000 744.4693 0.1526 -4.4837 0.8803 12
2021-05-23_00-13-00 247.1339 72.3489 1.5994 1.5589 -0.8836 0.0088 99.9980 0.0000 744.4084 0.0871 -2.3581 1.9831 12
2021-05-23_00-14-00 237.5448 23.7651 3.9207 2.0255 -0.8941 0.0080 99.9980 0.0000 744.5234 0.0986 -4.9495 1.8824 12
2021-05-23_00-15-00 227.7617 11.4535 7.2304 1.3197 -0.9071 0.0100 99.9980 0.0000 744.4422 0.0986 -7.1373 0.6189 12
2021-05-23_00-16-00 253.3086 10.2479 10.6235 1.3602 -0.9454 0.0188 99.9980 0.0000 744.3949 0.1653 -8.4649 0.4347 12
2021-05-23_00-17-00 245.0997 15.5730 8.1245 1.5596 -0.9488 0.0067 99.9980 0.0000 744.4625 0.1247 -7.5419 0.8032 12
2021-05-23_00-18-00 252.6485 13.1232 7.9968 2.1625 -0.9488 0.0067 99.9980 0.0000 744.4084 0.1398 -7.4601 0.9145 12
2021-05-23_00-19-00 184.0608 92.0533 3.6791 1.9949 -0.9630 0.0145 99.9980 0.0000 744.3340 0.1486 -4.5897 2.1321 12
2021-05-23_00-20-00 271.4446 34.8594 2.9905 0.8424 -0.9755 0.0087 99.9980 0.0000 744.4760 0.1139 -4.5720 0.8236 12
2021-05-23_00-21-00 230.5000 38.8378 2.6573 0.8237 -0.9655 0.0075 99.9980 0.0000 744.4152 0.1171 -4.1341 1.1897 12
2021-05-23_00-22-00 241.9053 18.5744 5.6727 1.5243 -0.9832 0.0159 99.9980 0.0000 744.3949 0.1419 -6.4502 0.7684 12
2021-05-23_00-23-00 246.7958 12.7735 9.2158 2.2616 -1.0150 0.0154 99.9980 0.0000 744.3002 0.0847 -8.0407 0.7053 12
2021-05-23_00-24-00 230.1300 15.4353 6.0642 1.2122 -1.0474 0.0135 99.9980 0.0000 744.3137 0.1028 -6.7681 0.5930 12
2021-05-23_00-25-00 264.5719 31.7795 6.7973 0.8510 -1.0672 0.0108 99.9980 0.0000 744.1785 0.1223 -7.1744 0.3928 12
2021-05-23_00-26-00 286.0543 16.8513 5.2757 1.1682 -1.0916 0.0073 99.9980 0.0000 744.0974 0.1173 -6.3881 0.6538 12
2021-05-23_00-27-00 262.1536 43.5577 3.5458 1.9809 -1.0900 0.0000 99.9980 0.0000 744.1650 0.1440 -4.7512 2.0573 12
2021-05-23_00-28-00 281.2317 32.0499 6.6390 2.1582 -1.0847 0.0095 99.9980 0.0000 744.1515 0.1420 -6.9906 1.1455 12
2021-05-23_00-29-00 254.0087 14.6415 9.1991 2.7192 -1.0673 0.0124 99.9980 0.0000 744.2597 0.1223 -8.0592 0.9507 12
2021-05-23_00-30-00 261.6395 27.7090 5.7866 1.6909 -1.1175 0.0129 99.9980 0.0000 744.1988 0.1664 -6.6555 0.8964 12
2021-05-23_00-31-00 274.2890 18.7465 7.7386 2.8781 -1.1342 0.0108 99.9980 0.0000 744.0974 0.1566 -7.4978 1.3157 12
2021-05-23_00-32-00 274.8330 30.6532 5.5867 2.8775 -1.1375 0.0062 99.9980 0.0000 744.0433 0.1689 -6.2841 1.9219 12
2021-05-23_00-33-00 251.7524 94.8218 3.2015 2.3348 -1.1358 0.0090 99.9980 0.0000 744.0163 0.1405 -4.1885 2.4419 12
2021-05-23_00-34-00 294.0812 24.1002 6.1781 2.6694 -1.1242 0.0067 99.9980 0.0000 743.9081 0.1419 -6.7014 1.5166 12
2021-05-23_00-35-00 292.5970 24.0994 6.1642 1.8242 -1.0941 0.0110 99.9980 0.0000 744.0974 0.1566 -6.7699 1.1830 12
2021-05-23_00-36-00 206.9053 111.2222 4.5815 2.3632 -1.0836 0.0057 99.9980 0.0000 744.1515 0.1461 -5.7389 1.4178 12
2021-05-23_00-37-00 286.8924 91.0700 4.7425 3.0272 -1.0925 0.0045 99.9980 0.0000 744.0906 0.1360 -5.3294 2.5323 12
2021-05-23_00-38-00 308.6928 31.9518 6.1781 1.3588 -1.1150 0.0100 99.9980 0.0000 744.1853 0.0808 -6.9031 0.6412 12
2021-05-23_00-39-00 280.8717 15.7355 5.1785 1.1937 -1.1367 0.0089 99.9980 0.0000 744.1921 0.1112 -6.3821 0.7016 12
2021-05-23_00-40-00 300.6579 37.0090 4.6065 3.4217 -1.1300 0.0141 99.9980 0.0000 744.1042 0.1676 -5.3030 2.5182 12
2021-05-23_00-41-00 258.9712 72.2740 5.8588 2.2855 -1.1100 0.0000 99.9980 0.0000 744.1380 0.1147 -6.5676 1.3768 12
2021-05-23_00-42-00 276.9232 44.7224 5.5783 2.3370 -1.1150 0.0067 99.9980 0.0000 744.1109 0.1441 -6.3913 1.4587 12
2021-05-23_00-43-00 275.1070 52.2513 3.9207 1.1850 -1.1158 0.0067 99.9980 0.0000 744.2597 0.2174 -5.5047 0.8124 12
2021-05-23_00-44-00 290.3008 35.1828 5.9087 2.0537 -1.1258 0.0067 99.9980 0.0000 744.0568 0.1094 -6.6658 1.1873 12
2021-05-23_00-45-00 220.9389 99.2251 3.1404 1.6245 -1.1008 0.0108 99.9980 0.0000 744.1988 0.1389 -4.4438 1.9615 12
2021-05-23_00-46-00 261.6195 50.4562 4.5843 2.2361 -1.0908 0.0029 99.9980 0.0000 744.2191 0.1585 -5.5193 2.2210 12
2021-05-23_00-47-00 296.7335 34.8301 5.8060 2.5841 -1.1075 0.0106 99.9980 0.0000 744.1921 0.0999 -6.4669 1.5675 12
2021-05-23_00-48-00 297.3216 20.6521 5.2535 1.5269 -1.1067 0.0049 99.9980 0.0000 744.1988 0.0703 -6.2954 1.2036 12
2021-05-23_00-49-00 285.2262 36.8120 5.2590 1.3327 -1.1108 0.0051 99.9980 0.0000 744.2056 0.1287 -6.3816 0.7774 12
2021-05-23_00-50-00 284.0441 27.9442 3.7180 1.8082 -1.1150 0.0052 99.9980 0.0000 744.1718 0.1486 -5.1949 1.3427 12
2021-05-23_00-51-00 275.6571 32.3938 3.5486 2.3815 -1.1075 0.0045 99.9980 0.0000 744.1515 0.1190 -4.6229 2.2997 12
2021-05-23_00-52-00 238.7809 88.5514 3.6874 2.5767 -1.1225 0.0097 99.9980 0.0000 744.1109 0.1112 -4.9380 2.2012 12
2021-05-23_00-53-00 270.4625 31.6278 4.3927 2.1921 -1.1225 0.0087 99.9980 0.0000 744.1177 0.1432 -5.5636 1.8151 12
2021-05-23_00-54-00 295.5114 23.8641 6.3058 1.5229 -1.1225 0.0087 99.9980 0.0000 744.0974 0.1781 -6.9233 0.9979 12
2021-05-23_00-55-00 245.5297 129.6826 3.3320 0.9751 -1.1333 0.0049 99.9980 0.0000 744.1447 0.1360 -5.0658 0.8036 12
2021-05-23_00-56-00 262.8537 75.6165 2.9099 1.7225 -1.1325 0.0045 99.9980 0.0000 744.0839 0.1440 -4.3418 1.8831 12
2021-05-23_00-57-00 286.6683 93.1085 6.1114 2.5226 -1.1408 0.0051 99.9980 0.0000 744.0501 0.1640 -6.7396 1.3287 12
2021-05-23_00-58-00 270.5165 38.7719 5.6811 2.7262 -1.1358 0.0079 99.9980 0.0000 744.0230 0.1446 -6.3491 1.8388 12
2021-05-23_00-59-00 281.7858 28.6683 6.6668 1.8519 -1.1208 0.0100 99.9980 0.0000 744.1177 0.0924 -7.1067 0.8886 12
2021-05-23_01-00-00 307.1967 19.4285 3.8457 2.3364 -1.1067 0.0049 99.9980 0.0000 744.1177 0.1045 -4.5731 2.7130 12
2021-05-23_01-01-00 290.8468 28.6813 4.9480 2.3264 -1.0933 0.0065 99.9980 0.0000 744.0298 0.1057 -5.9242 1.6592 12
2021-05-23_01-02-00 271.9387 44.6475 4.1761 1.9591 -1.0917 0.0039 99.9980 0.0000 743.9486 0.1355 -5.5173 1.3140 12
2021-05-23_01-03-00 171.9814 158.8634 3.3653 0.9920 -1.0933 0.0049 99.9980 0.0000 744.0365 0.1664 -5.0407 0.8207 12
2021-05-23_01-04-00 293.2951 96.1427 1.7965 1.3075 -1.0983 0.0094 99.9980 0.0000 744.0771 0.1346 -3.0643 1.8256 12
2021-05-23_01-05-00 296.7395 38.5266 1.1606 0.6975 -1.1083 0.0058 99.9980 0.0000 744.1785 0.1362 -1.8076 1.2672 12
2021-05-23_01-06-00 270.6845 23.0032 1.3411 0.4157 -1.1125 0.0087 99.9980 0.0000 744.0839 0.1310 -2.1899 1.1654 12
2021-05-23_01-07-00 288.1345 35.6549 1.5799 0.9988 -1.1175 0.0087 99.9980 0.0000 744.1109 0.1355 -2.8293 1.5927 12
2021-05-23_01-08-00 283.2040 38.4788 3.9734 3.0428 -1.1225 0.0097 99.9980 0.0000 744.0703 0.1579 -4.8068 2.6166 12
2021-05-23_01-09-00 209.1956 93.6793 1.4217 2.4936 -1.1167 0.0065 99.9980 0.0000 744.0298 0.1560 -2.4340 2.4341 12
2021-05-23_01-10-00 301.1880 21.1411 5.8782 2.1353 -1.1067 0.0089 99.9980 0.0000 744.0095 0.1486 -6.6450 1.0739 12
2021-05-23_01-11-00 251.9004 45.1726 3.3875 1.9255 -1.0889 0.0071 99.9980 0.0000 744.0974 0.1362 -4.8000 1.9243 12
2021-05-23_01-12-00 259.7153 98.4681 0.4026 1.0403 -1.0837 0.0072 99.9980 0.0000 744.1447 0.1171 -1.4403 1.2339 12
2021-05-23_01-13-00 276.0131 37.7106 2.6045 1.2402 -1.0802 0.0095 99.9980 0.0000 744.1785 0.0734 -4.2233 1.1110 12
2021-05-23_01-14-00 249.4102 14.2235 4.8175 2.2012 -1.0917 0.0039 99.9980 0.0000 744.1447 0.1006 -5.7004 2.2218 12
2021-05-23_01-15-00 254.1247 17.5819 6.3225 1.6297 -1.0863 0.0082 99.9980 0.0000 744.0974 0.1528 -6.9064 0.8452 12
2021-05-23_01-16-00 284.6341 14.4908 6.4530 1.7277 -1.0942 0.0051 99.9980 0.0000 744.1380 0.1198 -6.9776 0.8400 12
2021-05-23_01-17-00 300.8779 16.8434 5.6561 0.7748 -1.0958 0.0079 99.9980 0.0000 744.0365 0.1627 -6.6364 0.4302 12
2021-05-23_01-18-00 270.6365 89.9905 5.3090 1.8688 -1.0803 0.0122 99.9980 0.0000 744.0365 0.1930 -6.2755 1.2023 12
2021-05-23_01-19-00 182.0765 124.0849 3.1543 1.5775 -1.0793 0.0078 99.9980 0.0000 744.0095 0.1846 -4.4620 1.8384 12
2021-05-23_01-20-00 223.4032 87.3257 2.4685 1.5192 -1.0889 0.0071 99.9980 0.0000 743.9892 0.1541 -3.9430 1.8775 12
2021-05-23_01-21-00 269.5024 128.1667 5.7116 1.3704 -1.1000 0.0104 99.9980 0.0000 743.8878 0.1269 -6.6199 0.7857 12
2021-05-23_01-22-00 298.9137 35.1613 3.9068 1.5622 -1.0907 0.0082 99.9980 0.0000 744.1042 0.1446 -5.1207 1.9501 12
2021-05-23_01-23-00 311.4291 22.6062 4.8203 1.2157 -1.0891 0.0032 99.9980 0.0000 744.0704 0.1982 -6.0974 0.7417 12
2021-05-23_01-24-00 170.0232 144.4281 3.6735 1.8900 -1.0974 0.0107 99.9980 0.0000 744.0704 0.1287 -4.8265 2.0747 12
2021-05-23_01-25-00 109.0943 138.8891 2.1630 0.9474 -1.1083 0.0083 99.9980 0.0000 744.0636 0.1565 -3.5508 1.5675 12
2021-05-23_01-26-00 197.5263 46.8254 1.2162 0.7019 -1.1333 0.0078 99.9980 0.0000 744.0771 0.1101 -1.9795 1.3145 12
2021-05-23_01-27-00 245.5757 29.7383 4.9591 1.6683 -1.1458 0.0067 99.9980 0.0000 743.9216 0.1598 -6.2072 0.9435 12
2021-05-23_01-28-00 239.1470 24.5008 3.8679 2.0347 -1.1475 0.0045 99.9980 0.0000 743.9689 0.1676 -5.2633 1.5964 12
2021-05-23_01-29-00 255.1368 52.5793 3.3376 2.8190 -1.1358 0.0051 99.9980 0.0000 743.8878 0.1360 -3.9865 2.9930 12
2021-05-23_01-30-00 255.8089 31.4544 6.8584 2.1912 -1.1400 0.0095 99.9980 0.0000 743.9960 0.1961 -7.1618 1.1699 12
2021-05-23_01-31-00 280.7317 36.7816 1.4938 0.8651 -1.1358 0.0067 99.9980 0.0000 743.9824 0.1171 -2.5754 1.5544 12
2021-05-23_01-32-00 287.4424 90.3977 1.1329 0.8320 -1.1417 0.0072 99.9980 0.0000 744.0568 0.1147 -2.2522 1.3704 12
2021-05-23_01-33-00 273.8889 23.2307 3.9623 0.8542 -1.1508 0.0029 99.9980 0.0000 744.0365 0.1835 -5.6144 0.6521 12
2021-05-23_01-34-00 276.7132 26.6910 3.5264 1.1613 -1.1510 0.0103 99.9980 0.0000 744.0906 0.1711 -5.2130 0.9694 12
2021-05-23_01-35-00 258.7072 27.9009 2.2658 0.9382 -1.1534 0.0067 99.9980 0.0000 744.0095 0.1603 -3.5364 1.7958 12
2021-05-23_01-36-00 254.2427 25.3773 3.4292 0.6127 -1.1553 0.0095 99.9980 0.0000 744.0433 0.1689 -5.2261 0.5119 12
2021-05-23_01-37-00 282.9199 15.3968 3.4292 1.5881 -1.1604 0.0100 99.9980 0.0000 743.9013 0.1445 -4.7470 1.9341 12
2021-05-23_01-38-00 276.2292 33.3377 4.3149 1.2796 -1.1665 0.0071 99.9980 0.0000 744.0027 0.1165 -5.8168 0.9900 12
2021-05-23_01-39-00 240.5611 19.0320 6.5863 2.0242 -1.1683 0.0066 99.9980 0.0000 743.9013 0.1171 -7.1100 0.9712 12
2021-05-23_01-40-00 229.8319 20.8079 6.6001 1.8335 -1.1692 0.0061 99.9980 0.0000 743.8269 0.1858 -7.1221 0.9740 12
2021-05-23_01-41-00 277.9674 34.0542 2.6684 0.9608 -1.1622 0.0099 99.9980 0.0000 743.9351 0.1362 -4.3409 1.2824 12
2021-05-23_01-42-00 257.1990 25.8142 2.7933 0.8036 -1.1500 0.0000 99.9980 0.0000 743.8540 0.1223 -4.5854 0.8647 12
2021-05-23_01-43-00 254.7767 72.3735 3.3681 1.5293 -1.1367 0.0089 99.9980 0.0000 743.8540 0.1528 -4.8672 1.5708 12
2021-05-23_01-44-00 257.4571 26.9840 5.7060 1.4238 -1.1167 0.0089 99.9980 0.0000 743.9419 0.1315 -6.6353 0.7979 12
2021-05-23_01-45-00 259.4713 42.6741 2.9127 1.9384 -1.1017 0.0103 99.9980 0.0000 743.8337 0.1627 -4.2309 1.9894 12
2021-05-23_01-46-00 246.5978 19.7293 4.0151 2.1197 -1.1033 0.0089 99.9980 0.0000 743.9486 0.1398 -5.3716 1.4246 12
2021-05-23_01-47-00 263.9698 21.2101 4.4677 2.4000 -1.1083 0.0039 99.9980 0.0000 743.8743 0.1389 -5.6554 1.5376 12
2021-05-23_01-48-00 255.3548 36.7910 5.6339 2.2285 -1.1117 0.0039 99.9980 0.0000 743.8134 0.1468 -6.4833 1.2075 12
2021-05-23_01-49-00 272.5768 28.7857 5.0147 1.2428 -1.1067 0.0049 99.9980 0.0000 743.8945 0.1198 -6.2346 0.7660 12
2021-05-23_01-50-00 260.3434 18.4778 3.8984 0.7377 -1.1042 0.0090 99.9980 0.0000 743.8472 0.1221 -5.5260 0.5461 12
2021-05-23_01-51-00 275.6991 29.6985 1.1634 0.9476 -1.1008 0.0100 99.9980 0.0000 743.9554 0.0924 -2.2966 1.3962 12
2021-05-23_01-52-00 297.1555 12.3560 5.0313 1.6988 -1.1067 0.0065 99.9980 0.0000 743.9148 0.1101 -6.1837 1.0328 12
2021-05-23_01-53-00 130.0827 126.8688 2.1130 0.8331 -1.0933 0.0065 99.9980 0.0000 743.7931 0.1432 -3.5134 1.3626 12
2021-05-23_01-54-00 287.0526 101.5475 1.2467 1.1293 -1.0900 0.0000 99.9980 0.0000 743.7955 0.0992 -2.2308 1.7024 12
2021-05-23_01-55-00 250.6985 111.6935 3.4375 1.3493 -1.0837 0.0072 99.9980 0.0000 743.8784 0.1768 -5.0318 1.0386 12
2021-05-23_01-56-00 280.1496 28.3323 4.9841 1.6889 -1.0917 0.0039 99.9980 0.0000 743.7493 0.1240 -6.1172 1.1337 12
2021-05-23_01-57-00 239.0262 109.9681 3.1210 2.1326 -1.0983 0.0103 99.9980 0.0000 743.7356 0.1247 -4.1298 2.4377 12
2021-05-23_01-58-00 237.9414 140.5736 4.1622 1.8389 -1.0950 0.0080 99.9980 0.0000 743.7687 0.1360 -5.3260 1.8596 12
2021-05-23_01-59-00 255.4794 23.4548 4.0262 3.5559 -1.1108 0.0124 99.9980 0.0000 743.8294 0.1462 -4.6608 2.8768 12
2021-05-23_02-00-00 287.6669 37.2186 5.0702 2.5325 -1.1342 0.0079 99.9980 0.0000 743.7141 0.1154 -6.0238 1.7198 12
2021-05-23_02-01-00 291.2591 34.3489 6.2086 1.0840 -1.1308 0.0051 99.9980 0.0000 743.7274 0.0643 -6.9550 0.5405 12
2021-05-23_02-02-00 281.3797 18.7846 8.0523 1.6358 -1.1108 0.0051 99.9980 0.0000 743.7813 0.1487 -7.7365 0.6789 12
2021-05-23_02-03-00 262.1351 98.8828 4.1150 2.0885 -1.1067 0.0144 99.9980 0.0000 743.7674 0.1486 -5.2682 2.1506 12
2021-05-23_02-04-00 310.3251 28.6267 6.3030 2.3135 -1.0950 0.0067 99.9980 0.0000 743.7204 0.1029 -6.8407 1.0964 12
2021-05-23_02-05-00 269.1601 91.0465 7.2693 3.1222 -1.0699 0.0069 99.9980 0.0000 743.6631 0.1269 -7.1273 1.5980 12
2021-05-23_02-06-00 194.2339 102.9377 4.4038 3.0061 -1.0672 0.0074 99.9872 0.0096 743.8115 0.0944 -5.1125 2.4490 12
2021-05-23_02-07-00 277.9400 30.8772 8.3689 2.7536 -1.0725 0.0092 99.9022 0.0500 743.6688 0.0904 -7.7008 1.2331 12
2021-05-23_02-08-00 210.6248 70.9694 2.0769 1.4684 -1.0473 0.0103 99.8463 0.0143 743.6412 0.1139 -2.8055 2.0804 12
2021-05-23_02-09-00 269.4120 90.9448 6.0143 3.2320 -1.0664 0.0065 99.8468 0.0378 743.5733 0.0847 -6.4361 1.7535 12
2021-05-23_02-10-00 279.3706 17.2241 11.1011 2.8792 -1.0242 0.0212 99.6218 0.1184 743.4510 0.1713 -8.6515 0.9089 12
2021-05-23_02-11-00 265.6415 22.9671 6.5030 1.4854 -1.0112 0.0058 99.4347 0.0097 743.6747 0.1341 -6.9211 0.7097 12
2021-05-23_02-12-00 268.5571 45.9412 5.3229 2.7059 -1.0088 0.0074 99.4393 0.0018 743.6776 0.0986 -6.0559 1.5622 12
2021-05-23_02-13-00 299.6248 35.1187 7.6608 2.8934 -0.9847 0.0049 99.4463 0.0020 743.6230 0.1528 -7.2859 1.2272 12
2021-05-23_02-14-00 211.1501 105.8956 3.0877 2.1612 -0.9957 0.0123 99.5117 0.0440 743.7440 0.1316 -4.0008 2.1920 12
2021-05-23_02-15-00 203.6087 120.2632 4.0984 3.4580 -1.0098 0.0026 99.6033 0.0199 743.6554 0.1096 -4.6539 2.7303 12
2021-05-23_02-16-00 200.0838 96.7078 3.0654 2.5871 -1.0152 0.0073 99.6663 0.0173 743.7565 0.1205 -4.2086 2.2073 12
2021-05-23_02-17-00 287.7062 32.6933 6.9639 3.3238 -1.0175 0.0075 99.6543 0.0199 743.7288 0.1446 -6.8708 1.7150 12
2021-05-23_02-18-00 303.9541 48.3731 3.4708 3.4519 -1.0098 0.0064 99.6051 0.0208 743.6745 0.0783 -4.3473 2.1737 12
2021-05-23_02-19-00 248.2226 68.3890 4.4149 3.6981 -1.0096 0.0089 99.6223 0.0270 743.7551 0.1389 -4.8936 2.7411 12
2021-05-23_02-20-00 223.0911 79.3531 1.3800 1.1274 -1.0215 0.0075 99.7230 0.0376 743.8045 0.1191 -2.5906 1.5244 12
2021-05-23_02-21-00 248.5183 76.2903 5.6200 3.4174 -1.0272 0.0029 99.8028 0.0345 743.8330 0.1419 -5.9176 2.3668 12
2021-05-23_02-22-00 279.0033 22.5915 6.1836 2.3057 -1.0380 0.0095 99.8463 0.0021 743.6968 0.1680 -6.6900 1.1782 12
2021-05-23_02-23-00 267.4756 21.8434 8.4077 1.5929 -1.0622 0.0110 99.8388 0.0040 743.6696 0.1085 -7.8246 0.6029 12
2021-05-23_02-24-00 234.4722 20.7728 8.1301 2.1078 -1.0982 0.0142 99.8372 0.0140 743.6145 0.0811 -7.7237 0.8363 12
2021-05-23_02-25-00 293.9636 30.9726 6.1947 1.8916 -1.1383 0.0103 99.8868 0.0224 743.6075 0.1447 -6.6484 1.1351 12
2021-05-23_02-26-00 293.1308 20.0738 8.8548 2.0529 -1.1425 0.0114 99.8821 0.0349 743.4785 0.1287 -8.0709 0.7804 12
2021-05-23_02-27-00 303.8958 39.5949 3.4736 2.1003 -1.1350 0.0100 99.8448 0.0180 743.5931 0.1550 -4.5728 2.3032 12
2021-05-23_02-28-00 249.9748 74.7453 3.9095 2.9799 -1.1695 0.0157 99.8405 0.0336 743.4846 0.1746 -4.7315 2.7124 12
2021-05-23_02-29-00 253.2920 37.2157 5.7588 1.8000 -1.1862 0.0062 99.6017 0.0891 743.5079 0.1627 -6.6813 1.1374 12
2021-05-23_02-30-00 226.8656 96.1964 3.6485 1.1953 -1.1628 0.0168 99.3367 0.0833 743.4682 0.1262 -5.1923 1.4401 12
2021-05-23_02-31-00 229.1963 103.0248 4.8758 2.5755 -1.1358 0.0067 99.1037 0.0347 743.4708 0.1398 -5.8163 2.0054 12
2021-05-23_02-32-00 221.9546 128.0993 5.4395 2.8814 -1.1325 0.0075 99.0163 0.0418 743.5649 0.1951 -6.2292 1.7143 12
2021-05-23_02-33-00 273.6770 33.0219 7.0611 3.1445 -1.1267 0.0065 98.8656 0.0496 743.5096 0.1502 -7.1354 1.4591 12
2021-05-23_02-34-00 277.5145 25.1234 6.0837 2.6488 -1.1225 0.0087 98.8135 0.0224 743.5087 0.1187 -6.6747 1.4279 12
2021-05-23_02-35-00 290.6536 21.3841 5.2285 1.2045 -1.1100 0.0060 98.8037 0.0180 743.5014 0.1171 -6.3823 0.6593 12
2021-05-23_02-36-00 230.9626 102.0781 3.1682 1.7737 -1.1217 0.0103 98.7566 0.0347 743.4328 0.1901 -4.5918 1.9241 12
2021-05-23_02-37-00 291.3343 26.2472 8.0801 2.9013 -1.1325 0.0122 98.5316 0.1645 743.3648 0.1566 -7.4849 2.0956 12
2021-05-23_02-38-00 269.9345 26.5804 8.5105 1.8925 -1.0734 0.0179 98.0902 0.0746 743.4046 0.1404 -7.8488 0.8178 12
2021-05-23_02-39-00 305.6187 27.3705 4.6898 2.4676 -1.0724 0.0169 97.9867 0.0223 743.4246 0.1758 -5.5105 2.3301 12
2021-05-23_02-40-00 225.4861 101.7888 7.4054 3.0803 -1.0768 0.0110 98.0439 0.0947 743.4106 0.1340 -7.1960 1.6053 12
2021-05-23_02-41-00 257.6957 75.6677 5.8005 4.1294 -1.1058 0.0116 98.3752 0.0652 743.5387 0.0808 -5.9255 2.8153 12
2021-05-23_02-42-00 212.7980 90.3187 6.0698 2.7437 -1.1133 0.0089 98.5003 0.0635 743.5182 0.0999 -6.2701 2.5200 12
2021-05-23_02-43-00 261.8435 76.5609 5.5506 1.6641 -1.1200 0.0074 98.6428 0.0196 743.4163 0.1360 -6.5393 0.8488 12
2021-05-23_02-44-00 280.5296 76.3653 5.1618 2.6709 -1.1300 0.0043 98.6026 0.0789 743.5041 0.0968 -5.5886 2.7542 12
2021-05-23_02-45-00 307.6305 16.6939 6.2503 2.8624 -1.1117 0.0039 98.4723 0.0598 743.5377 0.0643 -6.7302 1.4626 12
2021-05-23_02-46-00 84.6160 129.9190 4.6481 1.5417 -1.1083 0.0039 98.6440 0.0600 743.5510 0.1101 -5.9502 1.0315 12
2021-05-23_02-47-00 202.6278 114.7280 3.1126 1.9491 -1.1083 0.0058 98.6561 0.0556 743.5103 0.1961 -4.3909 2.0288 12
2021-05-23_02-48-00 244.8526 73.5014 5.5367 4.7436 -1.1342 0.0131 98.9328 0.0948 743.5439 0.1165 -5.4338 3.1884 12
2021-05-23_02-49-00 135.0221 120.2634 1.6965 1.3290 -1.1604 0.0100 99.1168 0.0293 743.4901 0.1029 -2.9488 1.8029 12
2021-05-23_02-50-00 273.7223 87.5193 7.5164 1.5739 -1.1393 0.0191 99.0867 0.0586 743.5546 0.1154 -7.5513 0.6627 12
2021-05-23_02-51-00 222.2252 45.4600 4.7370 2.3209 -1.1300 0.0141 98.9558 0.0305 743.6287 0.1310 -5.6952 1.9881 12
2021-05-23_02-52-00 213.0334 61.2985 0.6803 0.5198 -1.1598 0.0172 99.1169 0.0443 743.6077 0.1269 -1.3537 0.6685 12
2021-05-23_02-53-00 152.0955 123.2266 3.2681 1.9326 -1.1742 0.0074 99.0919 0.0756 743.5599 0.1378 -4.5973 2.1997 12
2021-05-23_02-54-00 251.7076 129.9747 4.3955 0.7762 -1.1442 0.0124 98.8328 0.0545 743.4649 0.0799 -5.9292 0.5200 12
2021-05-23_02-55-00 196.4683 133.2971 4.0456 1.6434 -1.1300 0.0000 98.8449 0.0455 743.4915 0.1340 -5.5039 1.2517 12
2021-05-23_02-56-00 268.9630 34.8556 2.6045 1.5480 -1.1358 0.0067 98.9715 0.0498 743.5386 0.1222 -3.6805 2.1776 12
2021-05-23_02-57-00 181.7680 88.6614 1.7215 1.5273 -1.1570 0.0103 99.1425 0.0439 743.5517 0.0923 -2.5451 2.1074 12
2021-05-23_02-58-00 270.3245 37.5250 4.6620 1.3262 -1.1690 0.0098 99.1432 0.0391 743.5448 0.1441 -6.0555 0.9865 12
2021-05-23_02-59-00 260.4591 84.2092 5.9837 1.3518 -1.1493 0.0139 99.0057 0.0375 743.5445 0.1215 -6.8425 0.6732 12
2021-05-23_03-00-00 279.2111 88.5581 7.6608 2.8531 -1.1250 0.0090 98.9300 0.0288 743.4565 0.1639 -7.3992 1.5424 12
2021-05-23_03-01-00 283.3414 42.0949 4.1983 1.6278 -1.1142 0.0100 99.0215 0.0749 743.4563 0.1316 -5.4375 1.7376 12
2021-05-23_03-02-00 251.7314 105.2786 3.6541 1.9125 -1.1510 0.0103 99.1866 0.0250 743.4358 0.0871 -5.1643 1.4020 12
2021-05-23_03-03-00 284.4432 31.4639 4.5787 1.8384 -1.1525 0.0045 99.2260 0.0159 743.4898 0.1198 -5.7552 1.7105 12
2021-05-23_03-04-00 303.8272 22.4122 6.9278 1.6257 -1.1510 0.0225 98.6840 0.3693 743.3950 0.1190 -7.2842 0.8076 12
2021-05-23_03-05-00 277.2321 33.8564 3.7429 1.4390 -1.0810 0.0151 98.0687 0.0549 743.5099 0.1473 -5.2652 1.0509 12
2021-05-23_03-06-00 281.1084 24.8381 5.5867 3.1782 -1.0924 0.0107 98.3452 0.1069 743.4827 0.1403 -6.2075 1.8447 12
2021-05-23_03-07-00 261.7081 28.9846 7.5192 3.3969 -1.1267 0.0078 98.5902 0.0677 743.4759 0.1287 -7.3134 1.5427 12
2021-05-23_03-08-00 270.6511 15.3532 4.4704 2.8586 -1.1325 0.0097 98.7521 0.0431 743.5164 0.1809 -5.5778 1.7712 12
2021-05-23_03-09-00 239.4354 81.9957 2.2491 1.1466 -1.1217 0.0094 98.8018 0.0178 743.5974 0.0871 -3.6889 1.5808 12
2021-05-23_03-10-00 274.0213 44.1311 2.3602 0.6918 -1.1100 0.0060 98.8747 0.0368 743.5027 0.1287 -4.0963 0.7736 12
2021-05-23_03-11-00 285.6145 13.5824 3.7568 1.3096 -1.1242 0.0079 99.0408 0.0434 743.5500 0.0923 -5.3266 1.1179 12
2021-05-23_03-12-00 179.7905 153.2085 2.1103 0.7494 -1.1325 0.0045 99.1202 0.0084 743.4418 0.1221 -3.2608 1.6590 12
2021-05-23_03-13-00 108.9164 20.3510 2.8405 0.8384 -1.1283 0.0072 99.0782 0.0112 743.4755 0.1419 -4.6012 0.8800 12
2021-05-23_03-14-00 126.8924 37.9225 1.3495 0.6194 -1.1358 0.0090 99.1270 0.0431 743.4553 0.1403 -2.4718 1.2440 12
2021-05-23_03-15-00 196.2083 98.6656 1.7049 1.6135 -1.1434 0.0118 99.2592 0.0555 743.4823 0.1813 -3.2254 1.9415 12
2021-05-23_03-16-00 286.5165 29.4208 5.1368 2.4095 -1.1647 0.0113 99.4120 0.0248 743.3944 0.1724 -5.9319 2.3148 12
2021-05-23_03-17-00 239.5671 28.3047 2.3602 1.6127 -1.1710 0.0000 99.3712 0.0291 743.4214 0.1653 -3.7205 2.0342 12
2021-05-23_03-18-00 285.1923 22.9496 8.2245 2.5327 -1.1672 0.0118 99.2527 0.1121 743.3064 0.1664 -7.7904 1.1389 12
2021-05-23_03-19-00 286.5284 17.3145 7.4692 2.5266 -1.1192 0.0124 98.8880 0.1028 743.3267 0.1384 -7.3905 1.2183 12
2021-05-23_03-20-00 258.0332 74.7674 4.0262 1.7455 -1.0983 0.0083 98.7123 0.0097 743.4011 0.1221 -5.4148 1.3591 12
2021-05-23_03-21-00 290.8951 40.9602 4.0928 1.5736 -1.0992 0.0108 98.7482 0.0318 743.3680 0.1492 -5.3606 1.6965 12
2021-05-23_03-22-00 264.0466 34.4781 4.0789 2.1646 -1.1041 0.0158 98.4095 0.1280 743.3212 0.1027 -5.1116 2.2071 12
2021-05-23_03-23-00 275.0525 39.1938 5.6116 3.9532 -1.1092 0.0138 98.3540 0.0352 743.3332 0.0774 -5.9617 2.4132 12
2021-05-23_03-24-00 259.3177 46.4633 4.3955 1.6551 -1.1208 0.0090 98.3626 0.0150 743.3732 0.1567 -5.7351 1.2857 12
2021-05-23_03-25-00 232.4533 96.3275 4.0289 2.6740 -1.1292 0.0108 98.1453 0.1571 743.2981 0.1221 -5.1748 1.9336 12
2021-05-23_03-26-00 270.7017 86.4676 4.8036 1.2540 -1.0863 0.0167 97.7315 0.0813 743.3042 0.1113 -6.0814 0.7530 12
2021-05-23_03-27-00 236.7428 71.0077 2.5073 1.3515 -1.0447 0.0078 97.7303 0.0568 743.2632 0.1332 -3.8705 1.8570 12
2021-05-23_03-28-00 284.8125 19.2286 10.2015 2.2779 -1.0380 0.0095 97.4749 0.1783 743.1580 0.1754 -8.4063 0.7778 12
2021-05-23_03-29-00 264.6282 27.0347 7.4193 2.3254 -1.0168 0.0107 96.7008 0.1644 743.1452 0.1560 -7.2960 0.9486 12
2021-05-23_03-30-00 227.7531 104.2981 4.9647 2.9698 -1.0145 0.0085 96.7436 0.0804 743.2623 0.1971 -5.4913 2.4401 12
2021-05-23_03-31-00 305.7341 19.2974 4.9702 1.6395 -0.9960 0.0091 96.7497 0.0811 743.1871 0.1422 -5.9939 1.1205 12
2021-05-23_03-32-00 191.0699 135.4284 3.5458 0.7374 -0.9780 0.0074 96.7119 0.0472 743.3144 0.1432 -5.0882 0.6373 12
2021-05-23_03-33-00 203.6748 132.3073 4.6981 2.0421 -0.9797 0.0083 96.6714 0.0818 743.2456 0.1816 -5.7095 1.4146 12
2021-05-23_03-34-00 91.7268 24.1474 2.3213 0.5514 -0.9882 0.0063 96.8630 0.0323 743.2722 0.0986 -3.9241 0.6803 12
2021-05-23_03-35-00 85.0014 24.2837 1.1551 0.9242 -1.0146 0.0127 97.1013 0.0774 743.2034 0.1005 -2.4603 1.2738 12
2021-05-23_03-36-00 127.2410 128.1263 1.5383 1.1828 -1.0322 0.0100 97.2183 0.0484 743.3044 0.1056 -2.9367 1.5386 12
2021-05-23_03-37-00 67.0767 25.6702 2.4962 0.7255 -1.0215 0.0075 97.0283 0.0367 743.2834 0.1171 -4.0182 1.1099 12
2021-05-23_03-38-00 148.1941 92.9584 0.8330 0.6444 -1.0097 0.0096 97.2270 0.1638 743.3462 0.1416 -1.2386 0.7930 12
2021-05-23_03-39-00 133.1631 110.1285 2.0769 0.9177 -1.0491 0.0103 97.5718 0.0269 743.3881 0.1997 -3.3052 1.6860 12
2021-05-23_03-40-00 177.1684 98.9769 0.6997 0.5865 -1.0553 0.0111 97.7228 0.1055 743.2516 0.1863 -1.3815 0.7635 12
2021-05-23_03-41-00 174.4739 38.8421 1.0968 1.0110 -1.1023 0.0208 98.2139 0.1193 743.3596 0.1481 -2.0610 1.4804 12
2021-05-23_03-42-00 247.6327 118.3363 2.8128 1.2050 -1.1358 0.0067 98.4176 0.0486 743.3178 0.0968 -4.3041 1.6617 12
2021-05-23_03-43-00 283.2272 96.7792 1.7104 0.9260 -1.1250 0.0080 98.3039 0.0192 743.2567 0.1639 -2.8624 1.6349 12
2021-05-23_03-44-00 84.1868 101.8996 1.2162 1.1157 -1.1258 0.0090 98.4682 0.0744 743.2831 0.1603 -2.1477 1.5978 12
2021-05-23_03-45-00 210.0407 150.4667 1.5883 1.6069 -1.1425 0.0097 98.6159 0.0535 743.3097 0.1253 -2.8300 2.0900 12
2021-05-23_03-46-00 99.4564 144.6268 2.4685 0.6117 -1.1596 0.0105 98.6156 0.0364 743.2958 0.1316 -4.2942 0.6993 12
2021-05-23_03-47-00 161.9639 132.1554 1.4272 0.8803 -1.1567 0.0067 98.5534 0.0213 743.2547 0.1172 -2.4567 1.5018 12
2021-05-23_03-48-00 125.3673 139.6560 2.0436 0.9992 -1.1604 0.0100 98.6547 0.0386 743.2816 0.1446 -3.6083 1.3721 12
2021-05-23_03-49-00 191.4711 159.4659 1.1412 1.1390 -1.1692 0.0043 98.7226 0.0268 743.2812 0.1269 -2.4477 1.5954 12
2021-05-23_03-50-00 199.4619 125.3707 1.3800 2.2978 -1.1775 0.0075 98.8706 0.0481 743.2337 0.1461 -2.3550 2.2931 12
2021-05-23_03-51-00 161.8833 105.8431 2.0881 2.3974 -1.1603 0.0138 98.9452 0.0245 743.1591 0.1404 -3.0114 2.4761 12
2021-05-23_03-52-00 243.0493 75.7712 2.0658 1.5452 -1.1476 0.0099 98.9831 0.0230 743.1951 0.1265 -3.4602 1.9103 12
2021-05-23_03-53-00 233.5434 47.7834 1.0579 0.9854 -1.1550 0.0052 99.0332 0.0301 743.1832 0.1239 -1.9750 1.4859 12
2021-05-23_03-54-00 278.5545 34.8879 1.5799 1.4084 -1.1568 0.0081 99.1343 0.0250 743.2431 0.1359 -2.7039 1.9634 12
2021-05-23_03-55-00 198.6981 80.6702 0.7858 1.1164 -1.1692 0.0043 99.1952 0.0332 743.3381 0.1529 -1.7916 1.4547 12
2021-05-23_03-56-00 208.1859 31.2875 0.2943 0.4559 -1.1742 0.0074 99.3088 0.0442 743.3815 0.1486 -1.1742 0.0074 12
2021-05-23_03-57-00 263.0152 80.9860 1.7909 0.6128 -1.1707 0.0074 99.4103 0.0224 743.2862 0.1564 -2.8924 1.5392 12
2021-05-23_03-58-00 274.4897 36.4201 0.6053 0.4837 -1.1692 0.0097 99.4897 0.0232 743.2380 0.1461 -1.1692 0.0097 12
2021-05-23_03-59-00 256.0032 12.2386 1.0801 0.5238 -1.1709 0.0045 99.5717 0.0364 743.3819 0.1400 -2.0608 1.1041 12
2021-05-23_04-00-00 288.4151 30.6239 1.2995 0.9231 -1.1908 0.0029 99.6995 0.0355 743.3625 0.1598 -2.5561 1.4762 12
2021-05-23_04-01-00 262.4633 22.3043 3.7846 1.5443 -1.1855 0.0047 99.8071 0.0473 743.3878 0.1165 -5.0611 1.9986 12
2021-05-23_04-02-00 230.8414 9.0655 4.5982 0.7619 -1.1992 0.0100 99.9383 0.0378 743.3344 0.0850 -6.1346 0.5005 12
2021-05-23_04-03-00 238.9266 11.7708 4.9480 1.4444 -1.2270 0.0115 99.9980 0.0000 743.2958 0.1677 -6.3106 0.9266 12
2021-05-23_04-04-00 256.9645 12.9789 4.4454 1.3358 -1.2578 0.0090 99.9980 0.0000 743.3422 0.1363 -6.0101 1.0372 12
2021-05-23_04-05-00 301.1857 18.5736 5.4589 0.6341 -1.2720 0.0043 99.9980 0.0000 743.2601 0.0418 -6.7578 0.3559 12
2021-05-23_04-06-00 288.3603 32.8453 2.8627 1.3942 -1.2837 0.0072 99.9980 0.0000 743.2249 0.1060 -4.4448 1.9529 12
2021-05-23_04-07-00 274.9001 23.4788 3.9262 2.2000 -1.2745 0.0045 99.9980 0.0000 743.1571 0.1190 -5.4214 1.6947 12
2021-05-23_04-08-00 218.1811 123.6713 1.5022 0.9543 -1.2528 0.0029 99.9980 0.0000 743.2437 0.1006 -2.8257 1.5187 12
2021-05-23_04-09-00 185.0944 134.8070 1.8409 1.5026 -1.2317 0.0079 99.9980 0.0000 743.2570 0.1118 -3.1669 1.9432 12
2021-05-23_04-10-00 314.7087 25.8296 2.2102 1.0620 -1.2263 0.0089 99.9980 0.0000 743.0939 0.1526 -3.6276 1.6260 12
2021-05-23_04-11-00 215.7436 101.1728 0.6386 0.9124 -1.2320 0.0000 99.9980 0.0000 743.0665 0.1473 -1.9100 1.2287 12
2021-05-23_04-12-00 251.5437 81.6602 2.9349 2.2897 -1.2342 0.0041 99.9980 0.0000 743.1608 0.1316 -4.1043 2.4239 12
2021-05-23_04-13-00 277.3643 42.8184 4.0317 1.8140 -1.2315 0.0064 99.9980 0.0000 743.1534 0.1240 -5.5812 1.3590 12
2021-05-23_04-14-00 232.6825 104.3995 1.8770 0.7076 -1.2217 0.0099 99.9980 0.0000 743.2141 0.1360 -3.4901 1.2135 12
2021-05-23_04-15-00 217.5424 85.7417 2.6406 0.4279 -1.2108 0.0051 99.9980 0.0000 743.2272 0.1389 -4.5773 0.4396 12
2021-05-23_04-16-00 263.8318 27.9214 5.8310 1.5299 -1.2083 0.0039 99.9980 0.0000 743.3014 0.1165 -6.8277 0.7160 12
2021-05-23_04-17-00 297.0215 26.5316 6.5502 1.8976 -1.2050 0.0067 99.9980 0.0000 743.2741 0.0937 -7.1694 0.7992 12
2021-05-23_04-18-00 216.8697 88.0108 4.5676 2.3299 -1.1942 0.0067 99.9980 0.0000 743.3686 0.1121 -5.7491 1.7680 12
2021-05-23_04-19-00 168.5199 102.2202 3.7596 1.1748 -1.2067 0.0065 99.9980 0.0000 743.3414 0.1287 -5.4748 0.9227 12
2021-05-23_04-20-00 102.3197 49.9908 1.4383 0.7437 -1.2197 0.0097 99.9980 0.0000 743.4055 0.1565 -2.5695 1.4488 12
2021-05-23_04-21-00 220.0294 68.3330 1.9520 0.9773 -1.2407 0.0103 99.9980 0.0000 743.3519 0.1391 -3.4103 1.5005 12
2021-05-23_04-22-00 248.6762 84.4929 3.1682 1.2929 -1.2687 0.0098 99.9980 0.0000 743.3713 0.1405 -4.9658 1.2708 12
2021-05-23_04-23-00 302.4548 31.7297 2.5573 0.9588 -1.2903 0.0058 99.9980 0.0000 743.3980 0.1241 -4.4642 1.0218 12
2021-05-23_04-24-00 227.7608 67.1532 1.9520 1.5766 -1.2895 0.0045 99.9980 0.0000 743.3705 0.1362 -3.3884 2.0355 12
2021-05-23_04-25-00 231.8308 85.2854 3.2681 2.7633 -1.2895 0.0087 99.9980 0.0000 743.3700 0.1847 -4.3677 2.5786 12
2021-05-23_04-26-00 282.5509 23.8329 6.8806 1.8295 -1.2728 0.0156 99.9980 0.0000 743.2886 0.1223 -7.4151 0.8106 12
2021-05-23_04-27-00 262.1878 24.5804 6.6473 2.3437 -1.2306 0.0104 99.9980 0.0000 743.0920 0.1119 -7.1529 1.2547 12
2021-05-23_04-28-00 251.1644 18.5234 9.4990 2.4134 -1.1912 0.0153 99.9980 0.0000 743.1528 0.1287 -8.4097 0.7958 12
2021-05-23_04-29-00 268.3081 47.3429 3.8068 1.8731 -1.1674 0.0093 99.9980 0.0000 743.1525 0.1377 -5.0103 2.1150 12
2021-05-23_04-30-00 234.5979 101.4499 2.5406 1.7633 -1.1692 0.0043 99.9980 0.0000 743.0103 0.1640 -3.9884 1.9901 12
2021-05-23_04-31-00 217.7057 90.1413 3.4153 1.7432 -1.1837 0.0094 99.9980 0.0000 743.1115 0.1165 -5.0140 1.3982 12
2021-05-23_04-32-00 252.5916 81.3978 3.5708 2.0454 -1.1619 0.0166 99.9980 0.0000 743.1045 0.1345 -4.8109 2.1689 12
2021-05-23_04-33-00 280.2008 29.5696 5.7255 1.9212 -1.1655 0.0084 99.9980 0.0000 743.0166 0.1332 -6.6251 1.1677 12
2021-05-23_04-34-00 258.5800 81.1028 5.8671 1.7918 -1.2121 0.0167 99.9980 0.0000 743.0299 0.1355 -6.8123 0.9283 12
2021-05-23_04-35-00 299.6767 31.7405 8.0357 3.6531 -1.2065 0.0218 99.9980 0.0000 742.9420 0.1802 -7.5959 1.6946 12
2021-05-23_04-36-00 271.2133 87.2842 6.9389 2.8883 -1.1360 0.0242 99.7748 0.1676 742.9554 0.1064 -7.0738 1.5907 12
2021-05-23_04-37-00 232.5248 46.2354 3.4209 1.9395 -1.0917 0.0039 99.3322 0.0740 743.0973 0.1461 -4.8603 1.4936 12
2021-05-23_04-38-00 296.6941 51.2340 4.6481 2.2087 -1.0915 0.0097 99.1615 0.0520 743.2122 0.1119 -5.7108 1.8213 12
2021-05-23_04-39-00 235.2205 140.3739 4.0956 1.0459 -1.0733 0.0083 99.0612 0.0255 743.2361 0.1239 -5.5898 0.7933 12
2021-05-23_04-40-00 183.8161 53.2680 2.5407 1.3665 -1.0889 0.0112 99.1424 0.0585 743.2634 0.1333 -4.1922 1.4396 12
2021-05-23_04-41-00 190.9464 135.6646 3.2154 2.3177 -1.1092 0.0067 99.2117 0.0168 743.2288 0.1664 -4.0370 2.6751 12
2021-05-23_04-42-00 317.0338 24.3187 4.9591 1.6989 -1.0880 0.0123 99.0959 0.0340 743.2096 0.1538 -6.0692 1.2727 12
2021-05-23_04-43-00 277.0032 27.3310 4.6481 1.2177 -1.0914 0.0114 99.1197 0.0370 743.2795 0.1598 -5.9764 0.8273 12
2021-05-23_04-44-00 256.7795 26.3451 3.5319 2.5036 -1.1217 0.0072 99.2898 0.0524 743.2854 0.1064 -4.5951 2.3482 12
2021-05-23_04-45-00 248.0937 32.1378 7.7747 2.7883 -1.1350 0.0080 99.4762 0.0559 743.1767 0.1486 -7.5264 1.2659 12
2021-05-23_04-46-00 254.4536 22.8380 5.8893 2.5371 -1.1375 0.0097 99.6373 0.0468 743.2231 0.1310 -6.3971 2.0440 12
2021-05-23_04-47-00 286.4519 23.7833 4.1678 1.6681 -1.1508 0.0051 99.7672 0.0287 743.2305 0.1389 -5.6535 1.0875 12
2021-05-23_04-48-00 254.6108 29.4767 4.3649 2.4719 -1.1648 0.0095 99.8572 0.0351 743.2870 0.1064 -5.5981 1.6841 12
2021-05-23_04-49-00 271.9467 27.9443 1.2356 1.1326 -1.1845 0.0085 99.9710 0.0306 743.3221 0.1028 -2.6194 1.5821 12
2021-05-23_04-50-00 282.4557 43.2849 2.6351 1.1429 -1.1885 0.0035 99.9980 0.0000 743.3707 0.1446 -4.2833 1.4193 12
2021-05-23_04-51-00 259.4928 29.9105 3.0127 1.0154 -1.2000 0.0085 99.9980 0.0000 743.2679 0.1189 -4.7985 1.2496 12
2021-05-23_04-52-00 243.9437 67.3467 1.9825 1.3534 -1.2135 0.0070 99.9980 0.0000 743.2875 0.1404 -3.5662 1.6982 12
2021-05-23_04-53-00 200.4540 96.7349 1.6243 1.6218 -1.2188 0.0091 99.9980 0.0000 743.3401 0.1223 -2.9162 1.9623 12
2021-05-23_04-54-00 242.9957 14.2109 4.1567 0.8392 -1.2345 0.0130 99.9980 0.0000 743.3126 0.0983 -5.8629 0.6034 12
2021-05-23_04-55-00 227.6366 28.2253 2.2769 0.6811 -1.2687 0.0115 99.9980 0.0000 743.3183 0.1332 -4.1847 0.8020 12
2021-05-23_04-56-00 190.0712 6.2036 4.4510 1.0428 -1.2962 0.0116 99.9980 0.0000 743.3786 0.1565 -6.1212 0.7427 12
2021-05-23_04-57-00 198.6158 13.9138 6.2586 2.1297 -1.3238 0.0166 99.9980 0.0000 743.3511 0.1300 -7.1315 1.0263 12
2021-05-23_04-58-00 216.7115 13.2230 8.2495 1.4384 -1.3503 0.0090 99.9980 0.0000 743.2625 0.1541 -8.1430 0.5665 12
2021-05-23_04-59-00 206.3404 6.7493 7.3998 1.6627 -1.3667 0.0112 99.9980 0.0000 743.2559 0.1483 -7.7850 0.7234 12
2021-05-23_05-00-00 203.5886 1.8311 6.0032 0.7276 -1.3938 0.0097 99.9980 0.0000 743.1576 0.1858 -7.2036 0.3845 12
2021-05-23_05-01-00 213.2297 8.0313 5.8116 0.5547 -1.4131 0.0079 99.9980 0.0000 743.1978 0.1260 -7.1337 0.3041 12
2021-05-23_05-02-00 216.9073 17.9321 4.9924 1.0795 -1.4315 0.0045 99.9980 0.0000 743.1224 0.1486 -6.6464 0.6595 12
2021-05-23_05-03-00 227.8022 16.6056 5.6727 1.3102 -1.4306 0.0067 99.9980 0.0000 743.1624 0.1171 -7.0274 0.7180 12
2021-05-23_05-04-00 262.8963 18.9213 5.0119 0.8646 -1.4340 0.0000 99.9980 0.0000 743.1754 0.0808 -6.6831 0.5139 12
2021-05-23_05-05-00 211.5210 24.4418 6.3030 1.9118 -1.4209 0.0101 99.9980 0.0000 743.0800 0.1566 -7.2900 0.9988 12
2021-05-23_05-06-00 225.6065 9.5287 7.9579 2.5758 -1.4415 0.0114 99.9980 0.0000 743.1136 0.1264 -8.0412 1.0943 12
2021-05-23_05-07-00 202.1131 8.9397 9.6017 2.6987 -1.4582 0.0100 99.9980 0.0000 743.1062 0.1432 -8.7003 1.1001 12
2021-05-23_05-08-00 203.7391 7.3329 10.5735 0.7551 -1.4540 0.0000 99.9980 0.0000 743.0993 0.1085 -9.1412 0.2473 12
2021-05-23_05-09-00 214.9062 18.5793 13.8250 1.9792 -1.4582 0.0051 99.9980 0.0000 743.1327 0.1171 -10.0617 0.5174 12
2021-05-23_05-10-00 226.6574 6.3102 16.7155 2.5906 -1.4432 0.0100 99.9980 0.0000 743.0648 0.1472 -10.7254 0.5603 12
2021-05-23_05-11-00 222.7427 8.0650 16.4601 1.2909 -1.4423 0.0072 99.9980 0.0000 742.9835 0.0924 -10.6913 0.2924 12
2021-05-23_05-12-00 224.8398 10.5420 13.7528 1.6616 -1.4448 0.0090 99.9980 0.0000 743.0813 0.1269 -10.0318 0.4536 12
2021-05-23_05-13-00 225.3129 10.0196 10.8151 1.1383 -1.4398 0.0090 99.9980 0.0000 743.2109 0.0651 -9.1923 0.3601 12
2021-05-23_05-14-00 222.4969 7.7925 11.7981 1.3162 -1.4590 0.0080 99.9980 0.0000 743.1458 0.1310 -9.5167 0.3781 12
2021-05-23_05-15-00 237.6464 16.0232 10.0654 2.1107 -1.4598 0.0079 99.9980 0.0000 743.1113 0.1630 -8.9279 0.7381 12
2021-05-23_05-16-00 229.9083 10.5908 9.8155 2.1221 -1.4557 0.0039 99.9980 0.0000 743.1576 0.1240 -8.8350 0.7395 12
2021-05-23_05-17-00 237.6474 9.8410 7.2776 2.3918 -1.4498 0.0090 99.9980 0.0000 743.1326 0.1274 -7.7632 1.0917 12
2021-05-23_05-18-00 215.0527 10.7090 8.9325 1.2533 -1.4515 0.0062 99.9980 0.0000 743.2279 0.1112 -8.5502 0.4751 12
2021-05-23_05-19-00 218.3656 6.8652 10.0543 0.8455 -1.4557 0.0039 99.9980 0.0000 743.2262 0.1264 -8.9694 0.2918 12
2021-05-23_05-20-00 258.6410 29.4304 6.8112 1.3371 -1.4473 0.0150 99.9980 0.0000 743.1243 0.1269 -7.6341 0.6648 12
2021-05-23_05-21-00 253.7370 15.1288 6.3530 3.3196 -1.4523 0.0094 99.9980 0.0000 743.2448 0.1171 -7.0783 1.8573 12
2021-05-23_05-22-00 263.1358 21.8523 5.6144 1.7362 -1.4573 0.0049 99.9980 0.0000 743.1718 0.1251 -6.9788 0.9647 12
2021-05-23_05-23-00 277.7236 16.0601 4.0956 0.8236 -1.4490 0.0080 99.9980 0.0000 743.2477 0.1446 -6.0886 0.5812 12
2021-05-23_05-24-00 254.0285 17.3930 5.8477 1.3827 -1.4457 0.0083 99.9980 0.0000 743.1447 0.1262 -7.1363 0.7488 12
2021-05-23_05-25-00 246.8890 15.9981 8.1329 1.7682 -1.4557 0.0039 99.9980 0.0000 743.1376 0.1362 -8.2102 0.7257 12
2021-05-23_05-26-00 241.0989 12.3159 7.0055 1.4267 -1.4623 0.0072 99.9980 0.0000 743.1701 0.1547 -7.7367 0.7299 12
2021-05-23_05-27-00 245.4552 8.3487 9.3407 1.3706 -1.4623 0.0072 99.9980 0.0000 743.1630 0.1968 -8.7112 0.4982 12
2021-05-23_05-28-00 250.0529 15.6239 7.2360 1.8924 -1.4690 0.0080 99.9980 0.0000 743.2162 0.1486 -7.8169 0.8953 12
2021-05-23_05-29-00 258.0257 9.7920 7.8358 0.9455 -1.4757 0.0103 99.9980 0.0000 743.2178 0.2011 -8.1574 0.4004 12
2021-05-23_05-30-00 257.0232 19.9342 4.8814 1.7145 -1.4690 0.0080 99.9980 0.0000 743.2938 0.1066 -6.5068 1.2082 12
2021-05-23_05-31-00 262.2527 27.6997 5.3840 1.4087 -1.4548 0.0029 99.9980 0.0000 743.3262 0.1120 -6.8761 0.8367 12
2021-05-23_05-32-00 276.4500 15.2211 5.5811 1.7026 -1.4648 0.0090 99.9980 0.0000 743.2177 0.1271 -6.9528 1.0595 12
2021-05-23_05-33-00 270.1140 24.7156 5.1452 1.2167 -1.4648 0.0100 99.9980 0.0000 743.3316 0.0915 -6.7678 0.7414 12
2021-05-23_05-34-00 278.1767 35.2287 4.2650 1.4814 -1.4473 0.0089 99.9980 0.0000 743.3042 0.1110 -5.9857 1.5907 12
2021-05-23_05-35-00 279.9741 29.1279 3.3542 2.2616 -1.4473 0.0065 99.9980 0.0000 743.2832 0.1360 -4.8745 2.5594 12
2021-05-23_05-36-00 272.7047 27.4739 5.4201 0.8278 -1.4330 0.0119 99.9980 0.0000 743.3977 0.1084 -6.9533 0.4742 12
2021-05-23_05-37-00 227.1706 18.0690 7.4581 1.3672 -1.4227 0.0095 99.9980 0.0000 743.2824 0.1269 -7.9041 0.6061 12
2021-05-23_05-38-00 260.6722 17.8876 4.7592 1.2423 -1.4339 0.0076 99.9980 0.0000 743.1872 0.1044 -6.4857 0.7568 12
2021-05-23_05-39-00 238.9900 17.0094 7.4276 2.8063 -1.4270 0.0103 99.9980 0.0000 743.3297 0.1239 -7.7235 1.4058 12
2021-05-23_05-40-00 255.3192 27.3623 7.7219 1.2723 -1.4482 0.0079 99.9980 0.0000 743.1569 0.1287 -8.0523 0.6022 12
2021-05-23_05-41-00 264.5800 24.2666 6.8195 1.5806 -1.4432 0.0100 99.9980 0.0000 743.1023 0.1186 -7.6152 0.7849 12
2021-05-23_05-42-00 285.6480 34.1456 3.3431 2.1361 -1.4262 0.0101 99.9980 0.0000 743.2233 0.1263 -4.9117 2.3022 12
2021-05-23_05-43-00 275.3492 33.4793 4.8758 1.6175 -1.4160 0.0088 99.9980 0.0000 743.1445 0.1165 -6.4699 1.0684 12
2021-05-23_05-44-00 252.7268 62.8354 1.9631 1.1487 -1.4067 0.0065 99.9980 0.0000 743.1926 0.1835 -3.5546 1.7442 12
2021-05-23_05-45-00 285.3509 25.5061 5.0174 2.0075 -1.4007 0.0069 99.9980 0.0000 743.2460 0.1683 -6.3513 1.8217 12
2021-05-23_05-46-00 285.5256 14.8498 6.5474 3.1400 -1.4005 0.0082 99.9980 0.0000 743.0778 0.1256 -6.8131 2.6557 12
2021-05-23_05-47-00 279.0396 18.1728 7.7552 2.4954 -1.4067 0.0092 99.9980 0.0000 743.0855 0.1890 -7.9171 1.0801 12
2021-05-23_05-48-00 299.6056 26.7403 4.6120 1.8779 -1.3929 0.0069 99.9980 0.0000 743.2865 0.1480 -6.2455 1.1243 12
2021-05-23_05-49-00 235.6288 131.5832 3.2404 1.2604 -1.3770 0.0067 99.9770 0.0249 743.1702 0.1846 -5.0750 1.4327 12
2021-05-23_05-50-00 302.8836 25.0362 7.1527 1.8873 -1.3555 0.0062 99.8038 0.0573 743.1986 0.0857 -7.6342 0.8796 12
2021-05-23_05-51-00 261.0164 38.2977 5.1535 2.1845 -1.3764 0.0134 99.7332 0.0097 743.3406 0.1096 -6.3590 1.8177 12
2021-05-23_05-52-00 263.3920 30.8879 4.5648 0.9539 -1.3995 0.0084 99.7833 0.0145 743.2569 0.1340 -6.3455 0.5933 12
2021-05-23_05-53-00 259.6161 51.0033 4.2455 2.1797 -1.4052 0.0058 99.7964 0.0096 743.3251 0.0835 -5.6618 2.2219 12
2021-05-23_05-54-00 232.6169 32.3327 5.4756 2.4857 -1.4000 0.0102 99.8192 0.0224 743.3398 0.1623 -6.4405 2.3922 12
2021-05-23_05-55-00 281.8015 26.4361 4.1483 2.1508 -1.4158 0.0089 99.7647 0.0233 743.2573 0.1249 -5.8480 1.4346 12
2021-05-23_05-56-00 220.0804 94.5848 1.9603 1.5767 -1.4130 0.0000 99.7754 0.0277 743.2154 0.1362 -3.4038 2.0522 12
2021-05-23_05-57-00 272.1046 89.9099 4.5315 1.7844 -1.3993 0.0142 99.7751 0.0412 743.1528 0.1666 -6.0156 1.7526 12
2021-05-23_05-58-00 277.1254 69.3469 1.8770 1.0289 -1.3705 0.0068 99.7086 0.0057 743.3422 0.1064 -3.2482 1.7919 12
2021-05-23_05-59-00 273.1050 28.2835 4.8286 2.0624 -1.3704 0.0055 99.7073 0.0009 743.1617 0.1653 -6.1412 1.8639 12
2021-05-23_06-00-00 292.2268 33.2178 3.9595 0.7805 -1.3853 0.0078 99.7322 0.0167 743.2705 0.0763 -5.9111 0.5873 12
2021-05-23_06-01-00 257.2805 39.3570 3.2959 1.1334 -1.3755 0.0096 99.7637 0.0241 743.3732 0.1360 -5.2818 1.0010 12
2021-05-23_06-02-00 251.4560 24.9679 7.7219 3.3935 -1.3771 0.0107 99.6825 0.1029 743.3244 0.0976 -7.7376 1.5065 12
2021-05-23_06-03-00 219.8020 104.1879 3.7152 2.8785 -1.3390 0.0175 99.3770 0.0409 743.2219 0.1119 -5.0534 2.3380 12
2021-05-23_06-04-00 268.4117 54.7405 1.3189 1.3645 -1.3012 0.0168 99.3588 0.0144 743.2269 0.1395 -2.7812 1.6834 12
2021-05-23_06-05-00 247.6359 36.2034 6.5502 2.2810 -1.2703 0.0147 99.2038 0.0708 743.2195 0.0810 -7.1713 1.1759 12
2021-05-23_06-06-00 254.5435 33.3688 5.3118 2.6526 -1.2803 0.0094 99.0942 0.0269 743.1776 0.1486 -6.3542 1.7033 12
2021-05-23_06-07-00 263.3682 17.6756 4.1678 2.0681 -1.2895 0.0045 99.2277 0.0609 743.1636 0.1361 -5.5979 1.8179 12
2021-05-23_06-08-00 240.4803 24.3723 7.7164 1.5700 -1.3171 0.0208 99.3847 0.0535 743.1425 0.1398 -7.8670 0.6546 12
2021-05-23_06-09-00 268.4271 31.1680 8.6715 4.9327 -1.3640 0.0215 99.5318 0.0308 743.0200 0.1982 -7.8549 2.1299 12
2021-05-23_06-10-00 294.3582 31.8988 4.8231 1.4262 -1.3659 0.0183 99.5687 0.0314 743.0941 0.1526 -6.4104 0.9288 12
2021-05-23_06-11-00 244.0610 78.1119 2.9627 1.3522 -1.3203 0.0153 99.5237 0.0133 743.1583 0.1190 -4.8430 1.2045 12
2021-05-23_06-12-00 233.2814 114.7737 1.8354 1.1816 -1.2820 0.0085 99.4603 0.0201 743.1783 0.1488 -3.5738 1.5126 12
2021-05-23_06-13-00 169.5373 115.5950 0.8108 0.9268 -1.2377 0.0111 99.4900 0.0235 743.1770 0.1316 -1.9106 1.2897 12
2021-05-23_06-14-00 209.0591 104.0224 2.5656 1.0535 -1.2260 0.0116 99.3904 0.0330 743.2420 0.1532 -4.2862 1.3891 12
2021-05-23_06-15-00 248.7853 93.5492 1.6577 1.2257 -1.2112 0.0115 99.3366 0.0208 743.2517 0.1171 -2.8686 1.8209 12
2021-05-23_06-16-00 253.4841 17.9949 6.8306 2.1453 -1.2142 0.0176 99.3073 0.0226 743.2430 0.1086 -7.2694 1.0398 12
2021-05-23_06-17-00 287.2125 49.2798 2.6434 0.9977 -1.2487 0.0078 99.3133 0.0062 743.3774 0.1403 -4.2813 1.5675 12
2021-05-23_06-18-00 287.8443 17.2374 5.0896 2.2039 -1.2424 0.0080 99.3203 0.0187 743.3484 0.1501 -6.2635 1.4770 12
2021-05-23_06-19-00 261.4550 83.0389 4.7509 2.0795 -1.2595 0.0087 99.2727 0.0070 743.1868 0.1503 -6.1002 1.3854 12
2021-05-23_06-20-00 243.7602 61.1715 4.0317 2.2094 -1.2363 0.0144 99.1745 0.1065 743.1548 0.1627 -5.5213 1.4934 12
2021-05-23_06-21-00 169.9081 105.8308 2.9211 1.3149 -1.2193 0.0161 98.7802 0.1195 743.2144 0.1006 -4.4186 1.9391 12
2021-05-23_06-22-00 108.5641 122.2488 3.0071 1.5251 -1.1770 0.0142 98.5129 0.0870 743.3690 0.1315 -4.2674 2.1002 12
2021-05-23_06-23-00 162.2571 106.4749 2.2491 1.5997 -1.1300 0.0141 98.2883 0.0149 743.3471 0.1889 -3.5370 1.9909 12
2021-05-23_06-24-00 269.9840 36.7465 3.6763 2.9970 -1.1175 0.0106 98.3788 0.0416 743.4077 0.1219 -4.3738 2.8318 12
2021-05-23_06-25-00 254.7745 54.4370 1.6910 1.5792 -1.1333 0.0130 98.3894 0.0252 743.4470 0.1221 -3.0571 1.8732 12
2021-05-23_06-26-00 235.4949 78.7315 4.5065 2.7054 -1.1074 0.0116 98.4431 0.0337 743.3601 0.1602 -5.6052 1.6880 12
2021-05-23_06-27-00 264.9031 35.0734 5.4478 3.4841 -1.1142 0.0124 98.3697 0.0430 743.4365 0.1154 -5.9683 2.2572 12
2021-05-23_06-28-00 271.4128 18.0044 7.2082 4.4357 -1.1417 0.0127 98.3996 0.0281 743.4016 0.1465 -6.7603 2.6301 12
2021-05-23_06-29-00 223.7975 134.2343 3.6846 2.3462 -1.1877 0.0083 98.5242 0.0738 743.4754 0.1205 -5.0007 2.1680 12
2021-05-23_06-30-00 303.0490 15.6013 7.4887 1.3419 -1.1879 0.0083 98.6364 0.0254 743.3659 0.1711 -7.6136 0.6118 12
2021-05-23_06-31-00 263.7255 42.7239 3.8346 2.3251 -1.2118 0.0076 98.5236 0.0404 743.3724 0.1711 -5.1163 1.9723 12
2021-05-23_06-32-00 76.1399 72.3483 0.9913 1.0738 -1.1877 0.0163 98.6623 0.0332 743.3850 0.1521 -2.2611 1.4420 12
2021-05-23_06-33-00 69.2689 90.0711 3.9845 1.4770 -1.1680 0.0088 98.4993 0.0887 743.3711 0.1405 -5.5446 1.1174 12
2021-05-23_06-34-00 207.2323 122.0745 4.2178 0.5540 -1.1725 0.0094 98.4305 0.0346 743.4247 0.1332 -5.8589 0.3909 12
2021-05-23_06-35-00 228.0605 36.6035 2.9238 2.0808 -1.1862 0.0086 98.6554 0.0714 743.4107 0.1149 -4.3501 2.1820 12
2021-05-23_06-36-00 274.4841 45.4246 2.6017 0.9656 -1.1870 0.0139 98.8578 0.0415 743.4240 0.1689 -4.2746 1.3153 12
2021-05-23_06-37-00 273.9314 15.9780 6.4530 2.2210 -1.1783 0.0083 98.7159 0.0959 743.2274 0.1346 -7.0045 1.2160 12
2021-05-23_06-38-00 263.0430 7.6525 3.9234 1.3726 -1.2000 0.0085 98.6057 0.0248 743.3365 0.0944 -5.5658 1.0109 12
2021-05-23_06-39-00 236.3843 41.7141 4.2233 2.1163 -1.2075 0.0062 98.6540 0.0197 743.2513 0.1623 -5.4847 1.8674 12
2021-05-23_06-40-00 232.0567 21.6321 8.7770 2.8978 -1.2042 0.0108 98.6912 0.0204 743.2690 0.1832 -8.0490 1.1227 12
2021-05-23_06-41-00 275.8577 20.6952 7.8358 2.4062 -1.2262 0.0077 98.5886 0.0540 743.2448 0.1420 -7.7137 1.1104 12
2021-05-23_06-42-00 207.0627 91.8014 6.8028 2.9817 -1.2084 0.0117 98.2163 0.0973 743.3917 0.1768 -6.8925 2.1975 12
2021-05-23_06-43-00 246.5661 36.7960 6.0504 2.9178 -1.2127 0.0067 98.2216 0.0494 743.4449 0.1164 -6.5164 2.1560 12
2021-05-23_06-44-00 240.5233 72.4301 6.3808 3.4091 -1.2108 0.0090 98.3656 0.0282 743.2402 0.1579 -6.4785 2.6594 12
2021-05-23_06-45-00 259.1709 19.2420 7.6636 2.3009 -1.2085 0.0130 98.1968 0.1370 743.2680 0.1424 -7.6508 0.9288 12
2021-05-23_06-46-00 253.1577 12.5999 12.4117 3.9217 -1.2008 0.0116 97.8534 0.1192 743.2629 0.1316 -9.2244 1.1109 12
2021-05-23_06-47-00 258.4173 32.0973 5.0452 2.5919 -1.1927 0.0126 97.8613 0.1356 743.2821 0.1524 -6.0191 1.8134 12
2021-05-23_06-48-00 166.7507 107.5294 3.3820 2.6340 -1.1403 0.0304 98.1592 0.0556 743.1796 0.1269 -4.1621 2.6187 12
2021-05-23_06-49-00 273.5665 36.7410 4.4621 1.5197 -1.0338 0.0265 97.8179 0.0907 743.2765 0.1349 -5.7265 1.0603 12
2021-05-23_06-50-00 289.3494 40.2064 4.7759 1.5092 -0.9933 0.0186 97.5212 0.0411 743.4253 0.1744 -5.9039 0.9681 12
2021-05-23_06-51-00 238.3395 114.7501 2.2435 2.2108 -0.9022 0.0195 97.5851 0.0962 743.4233 0.1526 -3.1312 2.4317 12
2021-05-23_06-52-00 271.7315 116.5181 3.8290 3.6648 -0.8370 0.0183 97.3945 0.1818 743.2805 0.1313 -4.1512 2.8313 12
2021-05-23_06-53-00 186.6984 149.0091 4.3455 2.0737 -0.8161 0.0283 96.7448 0.1203 743.4485 0.1486 -5.1537 1.7357 12
2021-05-23_06-54-00 194.4188 99.9100 2.7906 2.7782 -0.7284 0.0180 97.0872 0.1975 743.4839 0.1582 -3.2115 2.3950 12
2021-05-23_06-55-00 246.9557 74.7839 2.4490 2.9078 -0.7275 0.0165 97.0237 0.0681 743.4174 0.1468 -2.8547 2.6285 12
2021-05-23_06-56-00 287.7220 90.9132 6.5252 3.0688 -0.7130 0.0284 96.4222 0.5921 743.2332 0.1700 -6.2911 1.6612 12
2021-05-23_06-57-00 151.3598 73.8451 1.6743 1.5748 -0.6249 0.0640 96.0807 0.2077 743.4558 0.1176 -1.9793 1.9933 12
2021-05-23_06-58-00 166.7170 150.3795 2.8655 2.4957 -0.4928 0.0225 95.8041 0.2519 743.4410 0.1521 -2.9881 2.6597 12
2021-05-23_06-59-00 198.5952 146.6285 2.7628 1.1965 -0.4978 0.0144 95.2548 0.1724 743.5081 0.1032 -3.5906 1.4238 12
2021-05-23_07-00-00 188.4551 132.6349 3.0627 2.3246 -0.3726 0.0570 95.1297 0.0633 743.4735 0.1432 -3.4949 1.7952 12
2021-05-23_07-01-00 278.9023 40.3217 3.9734 1.9925 -0.3627 0.0262 95.1951 0.0557 743.5066 0.1286 -4.0054 2.2896 12
2021-05-23_07-02-00 197.7275 84.4777 1.1162 1.3477 -0.3639 0.0438 95.6658 0.2793 743.4861 0.1360 -1.2923 1.7187 12
2021-05-23_07-03-00 229.3909 112.8825 5.3840 2.3312 -0.2775 0.0182 95.6022 0.3643 743.4651 0.1561 -4.9775 2.2328 12
2021-05-23_07-04-00 287.1540 28.5412 5.1702 1.2546 -0.4062 0.0518 95.0027 0.0677 743.4852 0.1120 -5.4559 0.7205 12
2021-05-23_07-05-00 279.4844 69.1823 4.0706 1.8317 -0.4888 0.0191 95.0263 0.0615 743.4779 0.1287 -4.7068 1.3025 12
2021-05-23_07-06-00 270.0090 92.7103 5.1146 1.4671 -0.4448 0.0409 94.7151 0.1608 743.4370 0.1809 -5.4170 0.9846 12
2021-05-23_07-07-00 271.3688 48.4875 5.6422 3.1313 -0.3248 0.0328 94.3528 0.1130 743.4368 0.1671 -5.2739 1.8042 12
2021-05-23_07-08-00 308.7410 20.9985 3.3709 1.7085 -0.2393 0.0199 94.1343 0.2085 743.5717 0.1146 -3.7232 1.8146 12
2021-05-23_07-09-00 244.0311 120.4726 1.9603 1.1389 -0.1001 0.0626 94.0748 0.1881 743.4972 0.1877 -1.9208 1.7490 12
2021-05-23_07-10-00 258.0544 110.1605 5.8727 2.6760 0.0877 0.0578 93.2923 0.3427 743.6118 0.0811 -4.9808 1.5007 12
2021-05-23_07-11-00 259.7806 58.6221 5.5978 2.4513 0.0287 0.0319 92.8266 0.2162 743.5103 0.1253 -4.8483 1.8473 12
2021-05-23_07-12-00 243.8965 55.3336 5.0591 3.0190 0.0400 0.0312 93.4494 0.2853 743.5102 0.1300 -4.5486 1.5575 12
2021-05-23_07-13-00 265.0328 24.0405 8.2911 2.7126 -0.0167 0.0750 92.3229 0.2114 743.6182 0.1526 -6.3661 0.9486 12
2021-05-23_07-14-00 291.5858 28.4959 3.7735 1.4342 -0.1094 0.0261 92.3750 0.1804 743.5978 0.1355 -4.0917 1.1257 12
2021-05-23_07-15-00 259.2178 65.9988 3.0877 2.7267 0.0363 0.0552 92.8085 0.1467 743.6082 0.1270 -3.0091 1.9828 12
2021-05-23_07-16-00 250.8272 88.7335 3.5014 1.8844 0.1244 0.0297 92.2079 0.1408 743.6220 0.0945 -3.6209 1.5516 12
2021-05-23_07-17-00 280.0539 87.3362 4.7675 1.6771 0.1468 0.0247 91.6952 0.2644 743.6346 0.1627 -4.4203 1.1897 12
2021-05-23_07-18-00 308.0132 24.5049 4.3899 1.2885 0.1953 0.0234 91.3945 0.1232 743.6412 0.1027 -4.2211 0.7331 12
2021-05-23_07-19-00 277.0267 95.5725 5.7727 2.5455 0.2359 0.0197 91.2593 0.2426 743.7150 0.0703 -4.8200 1.2903 12
2021-05-23_07-20-00 304.6176 19.3631 4.3677 1.7795 0.1120 0.0315 91.1853 0.1642 743.5997 0.1112 -4.0915 1.5804 12
2021-05-23_07-21-00 122.5150 150.5613 3.8124 1.8731 0.1827 0.0405 91.5920 0.2304 743.5994 0.1112 -3.5148 1.7580 12
2021-05-23_07-22-00 202.5445 135.2589 5.5367 2.8428 0.2332 0.0230 91.1707 0.2116 743.4570 0.1446 -4.6285 1.4780 12
2021-05-23_07-23-00 210.0035 118.0869 4.1761 1.4412 0.2736 0.0183 90.7358 0.2418 743.5658 0.1124 -3.9291 1.0064 12
2021-05-23_07-24-00 46.2723 20.9500 2.0520 1.1921 0.3150 0.0267 91.1025 0.2054 743.5824 0.1269 -1.7829 1.4972 12
2021-05-23_07-25-00 60.8981 22.2867 1.8076 0.5007 0.3763 0.0545 90.9956 0.1254 743.5820 0.0879 -1.6624 0.8325 12
2021-05-23_07-26-00 174.6349 142.9355 1.7632 1.4947 0.5695 0.0698 91.4843 0.3554 743.6286 0.1521 -1.0110 1.7436 12
2021-05-23_07-27-00 166.9533 163.0400 4.2067 3.2782 0.7090 0.0280 90.3049 0.2443 743.6212 0.1848 -2.9420 2.0513 12
2021-05-23_07-28-00 256.5687 118.9082 5.0174 1.3582 0.5033 0.0931 90.2396 0.2670 743.5939 0.1345 -4.3112 0.8108 12
2021-05-23_07-29-00 296.7430 96.3616 4.6315 2.6656 0.3657 0.0251 90.6130 0.2234 743.6473 0.0809 -3.8141 2.0994 12
2021-05-23_07-30-00 140.9495 134.6216 2.7961 1.6915 0.3587 0.0154 91.0507 0.1471 743.6810 0.0998 -2.5980 1.4710 12
2021-05-23_07-31-00 107.0371 33.7547 1.6549 1.4701 0.3651 0.0494 91.3668 0.4312 743.6940 0.0948 -1.4641 1.6594 12
2021-05-23_07-32-00 134.1742 118.9855 2.8017 2.5969 0.5429 0.0539 90.9753 0.3548 743.6667 0.1288 -2.0236 1.9427 12
2021-05-23_07-33-00 219.6964 97.3435 4.1817 3.6228 0.5314 0.0377 89.8550 0.2351 743.6192 0.1221 -2.9464 2.5426 12
2021-05-23_07-34-00 180.9815 125.6771 2.5046 1.6239 0.6206 0.0628 90.3388 0.2079 743.6459 0.1118 -1.6268 2.0799 12
2021-05-23_07-35-00 84.4420 27.3723 1.5660 0.8522 0.8278 0.0658 90.3251 0.2448 743.6796 0.1441 -0.4637 1.3805 12
2021-05-23_07-36-00 64.2776 40.0161 2.1575 1.4742 0.9332 0.0254 89.5948 0.3989 743.6456 0.1171 -1.0206 1.8350 12
2021-05-23_07-37-00 70.9203 19.6127 4.9536 0.9160 0.7628 0.1143 89.3059 0.1794 743.7266 0.0731 -3.8985 0.4746 12
2021-05-23_07-38-00 87.9403 25.8592 3.1710 1.3282 0.5715 0.0289 90.4206 0.2597 743.6656 0.0904 -2.6654 1.3837 12
2021-05-23_07-39-00 280.3786 78.0925 1.5410 1.3452 0.5212 0.0186 90.9417 0.2135 743.6182 0.1221 -0.9381 1.6733 12
2021-05-23_07-40-00 297.1604 34.2298 5.5839 2.1718 0.5343 0.0533 90.6666 0.4841 743.5910 0.1552 -4.3492 1.3661 12
2021-05-23_07-41-00 271.4653 87.7967 6.2003 2.1971 0.3135 0.0544 90.2418 0.2022 743.5841 0.1501 -5.0249 0.9531 12
2021-05-23_07-42-00 295.9221 23.3520 8.0468 2.8466 0.1722 0.0314 90.0235 0.3405 743.4624 0.1741 -5.9925 1.1758 12
2021-05-23_07-43-00 129.8309 30.8749 3.2182 2.0649 0.0313 0.0240 91.0760 0.3399 743.6989 0.0945 -2.8632 2.3145 12
2021-05-23_07-44-00 207.8958 104.7999 0.7025 0.8154 0.1683 0.0787 91.7548 0.3228 743.7259 0.1171 -0.1143 1.0050 12
2021-05-23_07-45-00 253.0529 119.8065 4.0289 2.5393 0.4299 0.0316 91.3413 0.7073 743.6920 0.1712 -3.2618 2.1228 12
2021-05-23_07-46-00 243.5918 92.3128 6.4585 4.4947 0.4399 0.0283 89.6556 0.7477 743.5027 0.1287 -4.2493 2.7331 12
2021-05-23_07-47-00 321.7887 13.9123 12.1840 2.7639 0.2879 0.0675 88.4703 0.3018 743.5432 0.1057 -7.2252 0.7740 12
2021-05-23_07-48-00 246.4180 146.7820 5.8338 3.0534 0.0991 0.0393 89.6347 0.7884 743.6108 0.0947 -4.9668 1.3718 12
2021-05-23_07-49-00 242.8536 106.4572 3.3903 2.7254 0.1568 0.0607 90.6889 0.3175 743.6175 0.1486 -2.9106 2.4612 12
2021-05-23_07-50-00 151.3472 117.7098 2.3935 1.7993 0.2769 0.0217 91.2408 0.1146 743.6919 0.1405 -1.8612 2.1074 12
2021-05-23_07-51-00 295.2355 28.5506 5.9199 2.1454 0.3683 0.0234 88.8762 0.8414 743.6851 0.1745 -4.7972 1.0792 12
2021-05-23_07-52-00 291.2330 38.6931 5.4700 1.8201 0.4038 0.0183 88.6127 0.2135 743.6513 0.1427 -4.3847 1.6467 12
2021-05-23_07-53-00 227.3777 106.3309 5.8116 3.3618 0.3332 0.0401 89.5620 0.4133 743.7189 0.0468 -4.3150 2.3793 12
2021-05-23_07-54-00 223.3633 131.2214 5.1618 2.7171 0.3212 0.0319 89.4088 0.2050 743.7256 0.1269 -4.2477 1.6999 12
2021-05-23_07-55-00 212.7221 143.2920 6.8972 2.1660 0.3133 0.0260 89.4542 0.2560 743.6174 0.1315 -5.3268 1.0943 12
2021-05-23_07-56-00 245.0537 84.6092 5.6172 1.7309 0.2213 0.0378 90.3855 0.3014 743.6580 0.0879 -4.8711 0.8561 12
2021-05-23_07-57-00 214.6242 122.9717 2.2852 1.1462 0.2529 0.0768 90.9299 0.2059 743.8676 0.1398 -2.1219 1.5015 12
2021-05-23_07-58-00 233.2663 85.8197 3.2431 1.1702 0.4441 0.0317 90.6308 0.3522 743.8270 0.1287 -2.9625 1.2834 12
2021-05-23_07-59-00 206.0973 92.7398 2.9405 1.6823 0.5068 0.0545 90.1879 0.2041 743.7526 0.1552 -2.3271 1.7960 12
2021-05-23_08-00-00 278.8135 14.7844 5.3007 2.2347 0.5917 0.0309 89.6840 0.2827 743.7864 0.1440 -4.0748 1.4775 12
2021-05-23_08-01-00 285.8083 33.3930 5.8116 1.2853 0.5028 0.0149 89.1529 0.2018 743.8405 0.1842 -4.6639 0.6293 12
2021-05-23_08-02-00 252.7445 31.1154 6.9444 1.8415 0.4559 0.0297 89.3952 0.2864 743.8337 0.1513 -5.2244 0.7982 12
2021-05-23_08-03-00 265.6300 42.1700 11.3455 3.8614 0.2737 0.0746 89.7763 0.3501 743.5362 0.1813 -6.9108 1.1342 12
2021-05-23_08-04-00 300.9300 33.6741 8.2689 3.9091 0.1766 0.0185 89.8863 0.3158 743.5971 0.1310 -5.8348 1.8255 12
2021-05-23_08-05-00 210.1257 119.3358 2.2352 1.4408 0.3224 0.0771 91.0064 0.3454 743.7593 0.1398 -2.0592 1.6969 12
2021-05-23_08-06-00 261.4195 35.2486 3.4125 1.7817 0.5186 0.0589 90.2686 0.2483 743.6714 0.1345 -2.9149 1.4850 12
2021-05-23_08-07-00 253.7626 79.8456 4.8203 1.4437 0.5625 0.0191 89.0462 0.1907 743.7390 0.1119 -4.0041 0.8965 12
2021-05-23_08-08-00 285.3962 33.6406 6.2475 1.1745 0.4147 0.0867 89.0948 0.2460 743.7864 0.1440 -5.0000 0.5530 12
2021-05-23_08-09-00 272.1887 102.1783 4.3871 1.1506 0.4047 0.0257 89.4943 0.5450 743.8405 0.0799 -3.9579 0.8008 12
2021-05-23_08-10-00 213.4421 148.8242 4.5065 1.1743 0.4155 0.0160 89.5549 0.1055 743.9148 0.0856 -4.0266 0.7639 12
2021-05-23_08-11-00 219.6428 75.6905 5.0063 5.2700 0.5006 0.0612 89.8848 0.2466 743.8743 0.1867 -2.9105 3.0084 12
2021-05-23_08-12-00 266.2800 32.5413 9.2935 3.9680 0.4027 0.0958 88.9305 0.3869 743.8743 0.0986 -6.0545 1.1883 12
2021-05-23_08-13-00 283.6360 17.2427 4.4871 1.8773 0.2711 0.0233 89.0918 0.1288 743.8810 0.1461 -3.9418 1.6616 12
2021-05-23_08-14-00 274.9030 29.5368 4.5149 2.9023 0.3970 0.0468 88.7577 0.2772 743.8067 0.2031 -3.5537 2.0604 12
2021-05-23_08-15-00 240.5932 22.3834 8.2384 2.5497 0.3729 0.0506 87.7916 0.3803 743.7323 0.1508 -5.8100 0.9568 12
2021-05-23_08-16-00 292.4390 34.0008 6.2170 3.4706 0.3052 0.0121 87.5174 0.1723 743.7390 0.1315 -4.6094 2.1956 12
2021-05-23_08-17-00 246.1678 27.3433 6.7112 3.2441 0.2171 0.0441 87.8984 0.1588 743.8337 0.1154 -5.2150 1.4866 12
2021-05-23_08-18-00 186.2050 126.6071 4.5510 2.3411 0.2411 0.0230 89.1814 0.2761 743.7526 0.1300 -3.9984 1.7606 12
2021-05-23_08-19-00 200.1186 150.1033 3.5125 2.1796 0.2991 0.0210 88.9534 0.1322 743.9689 0.1119 -3.1052 1.9743 12
2021-05-23_08-20-00 249.7342 87.7983 5.5617 2.4601 0.4013 0.0250 89.1342 0.5116 743.9554 0.1389 -4.1492 2.2495 12
2021-05-23_08-21-00 244.0015 81.1145 6.0420 2.2966 0.4483 0.0249 88.3856 0.4746 743.9824 0.1064 -4.7240 1.1817 12
2021-05-23_08-22-00 215.5603 116.8001 1.5272 1.2766 0.4414 0.0420 89.2384 0.1803 743.9081 0.1541 -1.0424 1.6516 12
2021-05-23_08-23-00 280.9397 51.8980 4.3038 3.2595 0.6823 0.0716 87.8177 0.7567 743.9419 0.1640 -2.9047 2.6369 12
2021-05-23_08-24-00 259.7433 77.9828 5.3034 2.0459 0.6683 0.0466 86.3239 0.4717 743.7796 0.1315 -3.9389 1.6500 12
2021-05-23_08-25-00 212.8140 71.5439 2.0131 1.2151 0.6434 0.0317 87.2938 0.8368 743.8472 0.1360 -1.0900 1.8347 12
2021-05-23_08-26-00 276.2772 52.0642 3.7068 1.2731 0.7527 0.0402 87.5088 0.4138 743.9081 0.1419 -3.0424 0.8498 12
2021-05-23_08-27-00 281.6538 22.6024 6.9528 1.6826 0.7534 0.0440 85.9032 0.6410 743.7661 0.1446 -4.8570 0.7650 12
2021-05-23_08-28-00 278.8875 15.7085 6.7695 1.8423 0.5503 0.0604 86.1508 0.2299 743.9216 0.1263 -4.9960 0.9488 12
2021-05-23_08-29-00 206.2893 106.3019 2.6462 2.2424 0.5127 0.0550 87.7227 0.9226 743.9486 0.1741 -2.0383 2.1460 12
2021-05-23_08-30-00 151.3371 84.9980 3.5458 1.4413 0.7365 0.0679 87.9225 0.8542 743.9013 0.1565 -2.7449 1.4237 12
2021-05-23_08-31-00 189.5614 129.5819 3.1210 1.7836 0.9048 0.0287 86.6831 0.4000 743.9081 0.1190 -2.0283 1.8948 12
2021-05-23_08-32-00 267.0241 28.1059 5.1313 2.7271 0.9223 0.0298 87.0878 0.4431 744.0095 0.1119 -3.3752 1.9514 12
2021-05-23_08-33-00 305.0904 37.5859 5.1368 2.0706 0.8089 0.0296 86.9785 0.2294 744.1109 0.1598 -3.8183 1.0512 12
2021-05-23_08-34-00 240.1251 112.4088 5.3756 0.9936 0.7697 0.0420 87.1076 0.3917 744.0230 0.1565 -4.1160 0.5535 12
2021-05-23_08-35-00 204.6271 117.3405 3.0266 1.1491 0.7805 0.0300 88.2873 0.1967 743.8743 0.1513 -2.2344 1.5463 12
2021-05-23_08-36-00 202.6549 110.0445 3.9567 1.3322 0.9098 0.0168 86.1429 1.7736 743.8743 0.1045 -2.9344 1.3095 12
2021-05-23_08-37-00 293.1731 83.9679 6.2197 5.0159 0.9861 0.0400 83.8068 0.6448 743.7593 0.1355 -3.4650 2.6933 12
2021-05-23_08-38-00 285.9103 15.8081 9.6489 2.7555 0.8097 0.0992 82.9060 0.8644 743.8878 0.1711 -5.7576 0.7208 12
2021-05-23_08-39-00 279.7616 31.0238 4.1067 3.2202 0.6134 0.0265 85.8787 0.5651 744.0433 0.1287 -2.9709 2.1344 12
2021-05-23_08-40-00 275.4531 18.8088 4.5343 2.9919 0.5682 0.0208 87.4528 0.2744 744.1380 0.1199 -3.4804 1.8004 12
2021-05-23_08-41-00 217.5566 115.6362 2.2130 0.9097 0.6679 0.0545 88.8174 0.3604 744.1244 0.1085 -1.6777 1.2503 12
2021-05-23_08-42-00 187.4212 133.6629 1.7854 1.0721 0.9161 0.0758 88.0324 0.3630 744.1042 0.1404 -0.9370 1.4670 12
2021-05-23_08-43-00 191.9297 138.5150 2.6184 0.8150 1.0951 0.0433 88.1058 0.1450 744.0365 0.1628 -1.7476 0.7519 12
2021-05-23_08-44-00 105.3839 110.4827 3.6180 1.9008 1.1455 0.0424 87.7547 0.2436 743.9689 0.1119 -2.3388 1.7045 12
2021-05-23_08-45-00 203.2269 85.7535 2.7933 2.1700 1.1280 0.0149 88.5474 0.3382 744.0703 0.1461 -1.0104 2.3243 12
2021-05-23_08-46-00 285.8583 89.7214 2.1269 1.2364 1.1957 0.0380 88.0647 0.6550 744.1785 0.1009 -0.8974 1.5861 12
2021-05-23_08-47-00 294.1772 7.9902 4.9341 1.6811 1.2340 0.0372 85.9269 0.4709 744.0771 0.1552 -3.2182 0.8821 12
2021-05-23_08-48-00 200.2506 112.1204 2.2408 1.2414 1.2134 0.0459 86.5060 0.3954 744.0501 0.1746 -0.9481 1.5064 12
2021-05-23_08-49-00 277.9534 31.1850 3.3348 2.1703 1.3172 0.0277 86.2753 0.3839 744.2259 0.1221 -1.5290 2.0434 12
2021-05-23_08-50-00 258.1811 28.9599 6.2447 2.0994 1.1812 0.0689 86.8005 0.3634 744.1042 0.1446 -3.9456 0.9166 12
2021-05-23_08-51-00 261.5075 30.6989 5.4867 2.4286 0.9535 0.0568 87.5828 0.1881 744.1042 0.1711 -3.7773 1.2328 12
2021-05-23_08-52-00 288.1745 34.2203 5.7227 2.5796 0.7746 0.0623 87.6345 0.3348 744.1515 0.0836 -4.0696 1.4265 12
2021-05-23_08-53-00 236.7087 72.1089 6.1448 2.9018 0.6246 0.0446 88.0686 0.2618 744.1245 0.1028 -4.4770 1.3309 12
2021-05-23_08-54-00 247.2899 97.5800 3.6791 3.3794 0.5583 0.0266 89.2697 0.2586 744.1718 0.1119 -2.3910 2.6982 12
2021-05-23_08-55-00 190.3515 104.4508 2.1575 1.4907 0.7738 0.0832 89.4354 0.1150 744.2597 0.1173 -1.4928 1.6170 12
2021-05-23_08-56-00 274.2550 91.6077 3.9817 1.5291 0.8989 0.0126 88.9488 0.3788 744.1988 0.0856 -3.0041 1.0676 12
2021-05-23_08-57-00 218.8387 129.1789 3.9679 2.5695 0.8868 0.0237 88.4585 0.2629 744.1988 0.1389 -2.6788 2.0209 12
2021-05-23_08-58-00 152.1992 126.3594 2.4296 1.0532 1.0056 0.0343 88.8650 0.0898 744.2123 0.1064 -1.1830 1.6894 12
2021-05-23_08-59-00 239.1430 109.4593 4.2400 1.5303 1.1052 0.0193 88.0203 0.7310 744.2597 0.1271 -2.8437 1.4190 12
2021-05-23_09-00-00 239.9711 136.8526 5.4062 1.6873 0.9872 0.0508 86.5712 0.5209 744.2326 0.1139 -3.7796 0.9746 12
2021-05-23_09-01-00 263.1497 111.2414 5.2368 2.9716 0.8199 0.0521 86.6148 0.1861 744.2597 0.0734 -3.3640 2.3212 12
2021-05-23_09-02-00 200.0686 146.9382 4.3205 3.1453 0.7018 0.0140 87.8280 0.4269 744.3070 0.1486 -3.0074 2.2819 12
2021-05-23_09-03-00 157.2857 104.9124 2.8572 1.9090 0.7352 0.0411 87.7943 0.7054 744.2259 0.1064 -1.9144 2.1063 12
2021-05-23_09-04-00 73.4003 34.9748 3.0793 1.2357 0.9185 0.0804 87.5146 0.5002 744.2259 0.1064 -2.3312 0.9532 12
2021-05-23_09-05-00 113.6568 112.5318 2.7767 2.1290 1.0801 0.0274 86.7323 0.2997 744.3002 0.1508 -1.5224 1.9616 12
2021-05-23_09-06-00 71.5141 19.6430 3.5986 1.1802 1.1432 0.0122 86.5676 0.2748 744.2867 0.1085 -2.4991 0.8118 12
2021-05-23_09-07-00 177.0480 103.4476 3.2376 2.4531 1.0232 0.0625 88.1676 0.6587 744.2461 0.1560 -1.8413 2.1197 12
2021-05-23_09-08-00 142.9861 135.4740 4.1594 1.0725 0.9584 0.0160 89.0662 0.0994 744.2867 0.1333 -3.1509 0.6475 12
2021-05-23_09-09-00 169.2691 96.6763 2.3074 1.3454 0.8826 0.0225 90.4708 0.8195 744.3814 0.1695 -1.1639 1.7152 12
2021-05-23_09-10-00 112.4427 91.4473 2.5462 1.4650 0.8647 0.0180 91.1636 0.5462 744.4422 0.1432 -1.7375 1.6575 12
2021-05-23_09-11-00 53.2040 43.4717 3.6013 1.0141 0.7822 0.0515 90.9256 0.4826 744.3949 0.1139 -2.9573 0.7752 12
2021-05-23_09-12-00 73.6363 15.3607 3.7513 0.8253 0.6238 0.0452 92.1609 0.1614 744.4355 0.1263 -3.2917 0.6024 12
2021-05-23_09-13-00 90.1262 29.9457 2.0992 1.0589 0.5282 0.0185 92.4065 0.1244 744.3543 0.1165 -1.6406 1.3688 12
2021-05-23_09-14-00 63.4152 18.5998 1.5938 0.3726 0.5698 0.0382 92.4862 0.1088 744.3949 0.1419 -1.0870 0.8065 12
2021-05-23_09-15-00 127.7024 132.4051 1.7465 1.1818 0.6290 0.0168 92.1765 0.0729 744.3746 0.1360 -1.2814 1.4561 12
2021-05-23_09-16-00 160.6661 94.7753 1.3522 0.7326 0.6664 0.0149 93.1053 0.3354 744.3881 0.1526 -0.2841 1.2098 12
2021-05-23_09-17-00 36.5061 16.7670 3.0932 0.7919 0.6801 0.0130 92.9686 0.2121 744.4355 0.1215 -2.6926 0.7086 12
2021-05-23_09-18-00 85.9697 123.2322 2.5240 0.8177 0.5935 0.0293 92.7883 0.1259 744.4693 0.1565 -2.2456 0.7884 12
2021-05-23_09-19-00 91.4803 84.4018 2.6545 0.5625 0.5482 0.0150 93.2875 0.0665 744.3949 0.1579 -2.4840 0.5216 12
2021-05-23_09-20-00 108.6923 61.3327 1.3689 0.6462 0.5034 0.0063 93.6274 0.2804 744.5301 0.0968 -0.4748 1.2221 12
2021-05-23_09-21-00 73.3743 84.7329 1.9520 0.6257 0.4583 0.0175 93.6687 0.0544 744.5842 0.1405 -1.5761 1.1317 12
2021-05-23_09-22-00 38.4063 18.3114 2.3740 0.5644 0.3867 0.0357 93.7040 0.0560 744.4895 0.1671 -2.3774 0.5893 12
2021-05-23_09-23-00 55.7803 14.3505 4.4288 1.6023 0.2721 0.0393 93.8505 0.1042 744.4490 0.0836 -4.0598 1.1768 12
2021-05-23_09-24-00 51.6158 58.5552 3.1487 1.7678 0.1367 0.0395 93.9530 0.1459 744.5031 0.1173 -2.9405 1.8087 12
2021-05-23_09-25-00 129.9027 134.8332 3.3875 0.4189 0.0982 0.0079 94.1708 0.0791 744.5166 0.1112 -3.6922 0.3235 12
2021-05-23_09-26-00 134.7512 120.7274 2.9599 1.2843 0.0823 0.0094 94.5162 0.1064 744.5369 0.1006 -3.1149 1.3423 12
2021-05-23_09-27-00 265.4360 85.5787 2.7045 2.0646 0.0982 0.0090 94.2096 0.9144 744.4895 0.1165 -2.5983 2.0048 12
2021-05-23_09-28-00 96.7349 114.8672 2.1991 2.2303 0.1493 0.0136 92.0671 0.5901 744.5572 0.1461 -1.6652 2.1871 12
2021-05-23_09-29-00 119.1534 136.2498 5.3812 1.4111 0.1675 0.0186 91.3943 0.4184 744.5436 0.1831 -4.8366 0.8090 12
2021-05-23_09-30-00 244.9816 111.1450 3.0044 2.0675 0.1330 0.0082 92.8076 0.4738 744.5301 0.1858 -2.4013 2.3771 12
2021-05-23_09-31-00 51.2678 36.5723 3.4514 1.0940 0.1188 0.0156 93.2317 0.0485 744.6180 0.1360 -3.6052 0.9835 12
2021-05-23_09-32-00 193.3418 106.7548 1.9131 1.6176 0.1460 0.0214 93.6851 0.3426 744.6180 0.1526 -1.8568 1.7033 12
2021-05-23_09-33-00 287.7405 44.9579 4.4038 1.1928 0.1983 0.0098 93.5027 0.2549 744.5369 0.1404 -4.2192 0.8269 12
2021-05-23_09-34-00 288.6826 37.3349 3.7707 1.3893 0.2325 0.0217 92.9667 0.2518 744.5775 0.0945 -3.6993 0.9794 12
2021-05-23_09-35-00 310.3530 11.7568 7.4637 2.3372 0.2983 0.0189 92.1053 0.6488 744.5301 0.1333 -5.6047 0.9624 12
2021-05-23_09-36-00 258.2551 101.1358 3.4320 1.8922 0.3085 0.0149 91.6486 0.2696 744.6721 0.1404 -2.9111 2.0890 12
2021-05-23_09-37-00 288.1065 33.1695 2.3963 0.5555 0.3402 0.0116 91.3456 0.2347 744.6991 0.1445 -2.4636 0.5485 12
2021-05-23_09-38-00 264.4578 81.6774 3.8512 1.7637 0.3727 0.0173 90.3974 0.1862 744.7194 0.1287 -3.5077 1.2310 12
2021-05-23_09-39-00 297.3556 45.4215 5.9920 1.7358 0.4238 0.0131 89.7138 0.2798 744.5977 0.1112 -4.7816 1.0265 12
2021-05-23_09-40-00 289.2506 18.2554 5.9310 1.5307 0.4005 0.0230 89.9210 0.1290 744.7803 0.1315 -4.8363 0.7472 12
2021-05-23_09-41-00 200.6886 132.8397 3.6735 1.5638 0.3795 0.0219 91.1744 0.7781 744.7059 0.1695 -3.2582 1.5550 12
2021-05-23_09-42-00 86.2397 97.1470 4.3788 1.3584 0.4490 0.0153 92.5081 0.0976 744.7194 0.1419 -3.8447 1.0349 12
2021-05-23_09-43-00 101.0234 120.6325 3.5763 1.3441 0.4063 0.0301 92.0879 0.1656 744.7127 0.1269 -3.1862 1.4192 12
2021-05-23_09-44-00 103.3237 115.6669 3.2792 2.2078 0.3947 0.0187 92.7471 0.1650 744.7938 0.1119 -2.4729 2.3130 12
2021-05-23_09-45-00 64.7993 11.9012 5.0480 0.5560 0.2839 0.0434 92.9901 0.2363 744.7397 0.1171 -4.5900 0.3181 12
2021-05-23_09-46-00 86.5558 22.2430 2.6739 0.7284 0.1472 0.0304 93.5846 0.1374 744.8614 0.1221 -2.9596 0.6037 12
2021-05-23_09-47-00 96.5269 38.3031 1.7743 0.9507 0.1557 0.0169 93.9763 0.2777 744.8411 0.1057 -1.6684 1.4156 12
2021-05-23_09-48-00 145.2024 125.6839 3.1626 1.5151 0.1567 0.0083 94.8031 0.1144 744.7127 0.1064 -3.1910 1.4957 12
2021-05-23_09-49-00 157.0377 150.7157 1.5688 1.4464 0.1783 0.0123 95.5231 0.1417 744.7600 0.1215 -0.9101 1.7431 12
